13.00000 0.43961
13.00000 0.39362
17.00000 0.46617
18.00000 0.20152
41.00000 0.17708
14.00000 0.55140
16.00000 0.44628
22.00000 0.34557
14.00000 0.44037
19.00000 0.26073
11.00000 0.54688
22.00000 0.43750
15.00000 0.50000
15.00000 0.32039
13.00000 0.53073
16.00000 0.46457
13.00000 0.36842
13.00000 0.48187
15.00000 0.45274
19.00000 0.32423
15.00000 0.44076
17.00000 0.49231
16.00000 0.46245
13.00000 0.51000
13.00000 0.46798
15.00000 0.53488
14.00000 0.50909
13.00000 0.57214
13.00000 0.58621
15.00000 0.56881
13.00000 0.46000
15.00000 0.44700
17.00000 0.51007
13.00000 0.53927
13.00000 0.48864
18.00000 0.57343
14.00000 0.48768
13.00000 0.40513
15.00000 0.41379
19.00000 0.42857
14.00000 0.44118
16.00000 0.75714
16.00000 0.50171
14.00000 0.38000
28.00000 0.35627
15.00000 0.33333
15.00000 0.33937
14.00000 0.60000
17.00000 0.48408
13.00000 0.51295
13.00000 0.66816
15.00000 0.37931
52.00000 0.21649
31.00000 0.48582
13.00000 0.45455
23.00000 0.22981
16.00000 0.38667
14.00000 0.42986
14.00000 0.48815
14.00000 0.48739
13.00000 0.51073
13.00000 0.59024
12.00000 0.56463
15.00000 0.37273
13.00000 0.54737
15.00000 0.52542
16.00000 0.37692
15.00000 0.50215
15.00000 0.53782
20.00000 0.35048
14.00000 0.42188
16.00000 0.48339
15.00000 0.44939
13.00000 0.53672
13.00000 0.48000
13.00000 0.54502
13.00000 0.55779
16.00000 0.33921
15.00000 0.43719
22.00000 0.41860
14.00000 0.47475
20.00000 0.43620
17.00000 0.51515
15.00000 0.42857
13.00000 0.53672
46.00000 0.29532
16.00000 0.39823
20.00000 0.48366
14.00000 0.38235
16.00000 0.47598
16.00000 0.39837
15.00000 0.47059
14.00000 0.45894
15.00000 0.48571
14.00000 0.53571
16.00000 0.44348
14.00000 0.49268
15.00000 0.56420
13.00000 0.40828
16.00000 0.28889
14.00000 0.48113
16.00000 0.54430
21.00000 0.34932
14.00000 0.54260
14.00000 0.48792
14.00000 0.49038
20.00000 0.23985
14.00000 0.45545
13.00000 0.47418
13.00000 0.50802
14.00000 0.36000
14.00000 0.40845
14.00000 0.49367
14.00000 0.50758
13.00000 0.39267
14.00000 0.51754
14.00000 0.44554
14.00000 0.41667
16.00000 0.54448
14.00000 0.39512
13.00000 0.46199
14.00000 0.49524
19.00000 0.37828
14.00000 0.44390
14.00000 0.42564
14.00000 0.43299
16.00000 0.49219
16.00000 0.41333
14.00000 0.52688
16.00000 0.45306
13.00000 0.49495
14.00000 0.46119
13.00000 0.45833
19.00000 0.42029
25.00000 0.45199
22.00000 0.42945
21.00000 0.48105
13.00000 0.48538
17.00000 0.38824
16.00000 0.48548
18.00000 0.54483
13.00000 0.46524
22.00000 0.53488
18.00000 0.41727
16.00000 0.41803
14.00000 0.48223
13.00000 0.55140
13.00000 0.40860
12.00000 0.50222
15.00000 0.51489
15.00000 0.45946
15.00000 0.44828
15.00000 0.51515
13.00000 0.55670
14.00000 0.38528
14.00000 0.37864
13.00000 0.44318
14.00000 0.59276
19.00000 0.33559
16.00000 0.43860
13.00000 0.39326
13.00000 0.52941
14.00000 0.40741
16.00000 0.45600
14.00000 0.47137
15.00000 0.46444
14.00000 0.44601
14.00000 0.47748
18.00000 0.37410
17.00000 0.38710
19.00000 0.40816
18.00000 0.46816
13.00000 0.52083
16.00000 0.36585
13.00000 0.44681
23.00000 0.26582
16.00000 0.43379
14.00000 0.43750
16.00000 0.40271
24.00000 0.43182
17.00000 0.41887
17.00000 0.46996
14.00000 0.50485
13.00000 0.43878
14.00000 0.43111
14.00000 0.48223
14.00000 0.50802
13.00000 0.50980
13.00000 0.42857
16.00000 0.41423
14.00000 0.36458
15.00000 0.43636
15.00000 0.40969
18.00000 0.45763
13.00000 0.56989
10.00000 0.51220
15.00000 0.46544
13.00000 0.60360
14.00000 0.42466
37.00000 0.36210
15.00000 0.44493
14.00000 0.57676
13.00000 0.44385
11.00000 0.61364
13.00000 0.51546
30.00000 0.30806
17.00000 0.40164
14.00000 0.48571
15.00000 0.47036
13.00000 0.45763
13.00000 0.50526
13.00000 0.49787
27.00000 0.38575
14.00000 0.31100
14.00000 0.41709
13.00000 0.46154
16.00000 0.32189
13.00000 0.45455
14.00000 0.40102
15.00000 0.55745
16.00000 0.36187
17.00000 0.44444
13.00000 0.51295
17.00000 0.35115
9.00000 0.54472
14.00000 0.49333
16.00000 0.44223
13.00000 0.45000
13.00000 0.57991
17.00000 0.53103
20.00000 0.42373
13.00000 0.48187
14.00000 0.59471
16.00000 0.38589
18.00000 0.50920
19.00000 0.40339
15.00000 0.44279
13.00000 0.57333
15.00000 0.47059
12.00000 0.48148
14.00000 0.42453
14.00000 0.51887
12.00000 0.49425
13.00000 0.65789
21.00000 0.32450
14.00000 0.33690
13.00000 0.58772
13.00000 0.37963
26.00000 0.29716
13.00000 0.47778
19.00000 0.51125
18.00000 0.38983
13.00000 0.42246
15.00000 0.43128
14.00000 0.31148
18.00000 0.36462
13.00000 0.45263
14.00000 0.48691
15.00000 0.46847
19.00000 0.41333
19.00000 0.54601
13.00000 0.59307
13.00000 0.47423
13.00000 0.46154
15.00000 0.43103
15.00000 0.39367
15.00000 0.45382
12.00000 0.60241
14.00000 0.58079
15.00000 0.41224
15.00000 0.52941
16.00000 0.48718
21.00000 0.46518
14.00000 0.52657
14.00000 0.44615
14.00000 0.52101
15.00000 0.50365
13.00000 0.59434
10.00000 0.72619
13.00000 0.68075
20.00000 0.40299
13.00000 0.39326
16.00000 0.40351
14.00000 0.41622
15.00000 0.46411
23.00000 0.39377
14.00000 0.55066
13.00000 0.54206
14.00000 0.53586
16.00000 0.36275
14.00000 0.50485
23.00000 0.40449
21.00000 0.36393
13.00000 0.64407
16.00000 0.35111
14.00000 0.43284
17.00000 0.41379
15.00000 0.39086
14.00000 0.44503
16.00000 0.41732
17.00000 0.42292
17.00000 0.40310
13.00000 0.46154
17.00000 0.47755
15.00000 0.42857
12.00000 0.38554
14.00000 0.42857
17.00000 0.40164
18.00000 0.36301
14.00000 0.45455
1312.00000 0.02881
633.00000 0.02564
1260.00000 0.02126
1070.00000 0.02383
1277.00000 0.02514
907.00000 0.02995
1230.00000 0.02544
770.00000 0.03035
979.00000 0.03617
1234.00000 0.02939
1147.00000 0.02514
983.00000 0.02699
1218.00000 0.02034
739.00000 0.02290
1148.00000 0.01989
1366.00000 0.02961
1030.00000 0.02258
1195.00000 0.02380
1475.00000 0.03326
1501.00000 0.02629
1469.00000 0.03226
1421.00000 0.02774
676.00000 0.03186
676.00000 0.02320
1321.00000 0.01680
1158.00000 0.02340
1177.00000 0.02148
1396.00000 0.01224
1480.00000 0.02971
1538.00000 0.02259
1198.00000 0.02335
1042.00000 0.02265
889.00000 0.02348
1515.00000 0.01759
1282.00000 0.03637
1368.00000 0.03142
745.00000 0.02416
1450.00000 0.00883
1552.00000 0.03514
950.00000 0.03592
929.00000 0.02891
982.00000 0.02341
1200.00000 0.02779
983.00000 0.03155
721.00000 0.03379
1226.00000 0.02053
597.00000 0.02635
1320.00000 0.01819
760.00000 0.02812
979.00000 0.02403
1314.00000 0.03161
1362.00000 0.01607
1151.00000 0.03160
709.00000 0.02208
917.00000 0.02591
594.00000 0.02535
1286.00000 0.01842
1269.00000 0.02777
516.00000 0.03231
558.00000 0.03567
493.00000 0.06094
608.00000 0.05845
660.00000 0.05328
312.00000 0.03653
429.00000 0.04639
445.00000 0.03781
907.00000 0.03327
656.00000 0.05521
488.00000 0.04983
243.00000 0.02742
619.00000 0.06261
494.00000 0.06491
703.00000 0.03689
642.00000 0.02954
671.00000 0.06138
345.00000 0.03618
338.00000 0.04977
543.00000 0.03959
415.00000 0.04501
545.00000 0.03509
425.00000 0.04294
642.00000 0.06940
543.00000 0.06124
287.00000 0.02718
430.00000 0.06207
509.00000 0.06732
211.00000 0.02623
651.00000 0.06607
429.00000 0.04611
391.00000 0.04660
606.00000 0.04831
659.00000 0.02977
626.00000 0.04430
611.00000 0.04794
574.00000 0.06966
352.00000 0.03045
421.00000 0.04187
397.00000 0.08309
783.00000 0.04884
226.00000 0.02624
918.00000 0.02617
684.00000 0.05100
384.00000 0.06132
477.00000 0.06657
611.00000 0.06928
386.00000 0.03558
521.00000 0.08008
529.00000 0.03666
573.00000 0.04821
1011.00000 0.04430
641.00000 0.04120
521.00000 0.04883
352.00000 0.04138
584.00000 0.07369
519.00000 0.07349
675.00000 0.03464
534.00000 0.06777
82.00000 0.05574
486.00000 0.03972
676.00000 0.04543
301.00000 0.02900
629.00000 0.05035
449.00000 0.05666
636.00000 0.02652
971.00000 0.03333
1315.00000 0.01618
1515.00000 0.03265
822.00000 0.03051
822.00000 0.02950
1463.00000 0.02118
985.00000 0.02741
555.00000 0.02945
822.00000 0.02940
1327.00000 0.01730
1226.00000 0.03040
67.00000 0.02662
1263.00000 0.02670
806.00000 0.02900
726.00000 0.03058
730.00000 0.04111
770.00000 0.02936
983.00000 0.02844
643.00000 0.02951
1320.00000 0.04209
585.00000 0.02792
1321.00000 0.02335
1286.00000 0.02444
1079.00000 0.02797
994.00000 0.02415
1131.00000 0.03249
994.00000 0.02801
1395.00000 0.03226
709.00000 0.02217
965.00000 0.02461
284.00000 0.02674
297.00000 0.02851
915.00000 0.02138
1044.00000 0.03906
1385.00000 0.04382
1152.00000 0.03683
824.00000 0.02859
178.00000 0.02605
1044.00000 0.02955
1440.00000 0.03353
1416.00000 0.04073
1044.00000 0.02638
1273.00000 0.02856
736.00000 0.02859
940.00000 0.02997
731.00000 0.02263
783.00000 0.02890
1069.00000 0.02632
225.00000 0.02360
639.00000 0.02696
829.00000 0.02867
1081.00000 0.02736
1275.00000 0.02453
696.00000 0.02480
1085.00000 0.02779
772.00000 0.03620
997.00000 0.02493
851.00000 0.02710
1132.00000 0.02958
1374.00000 0.02605
673.00000 0.02227
1132.00000 0.03516
1045.00000 0.02109
1412.00000 0.03366
610.00000 0.04077
1208.00000 0.01953
877.00000 0.03369
868.00000 0.01692
941.00000 0.02499
1032.00000 0.02122
1181.00000 0.02058
790.00000 0.03089
994.00000 0.02836
1254.00000 0.02514
649.00000 0.02705
1456.00000 0.03987
1452.00000 0.03812
1038.00000 0.02878
656.00000 0.02668
809.00000 0.02987
1064.00000 0.04244
1234.00000 0.02814
947.00000 0.03381
768.00000 0.02945
1224.00000 0.02348
1119.00000 0.02026
1020.00000 0.02526
674.00000 0.02902
1102.00000 0.02097
683.00000 0.03136
1138.00000 0.03769
1289.00000 0.03720
941.00000 0.02499
829.00000 0.02960
1512.00000 0.02930
1251.00000 0.02392
593.00000 0.02927
769.00000 0.03013
1007.00000 0.02437
1177.00000 0.02064
1286.00000 0.03514
630.00000 0.02853
1236.00000 0.02101
282.00000 0.02642
1039.00000 0.02622
1201.00000 0.03052
1165.00000 0.02274
1292.00000 0.01760
823.00000 0.02495
1071.00000 0.02281
1112.00000 0.03298
1277.00000 0.02127
556.00000 0.02757
1003.00000 0.02769
737.00000 0.02954
1097.00000 0.03218
1451.00000 0.03519
1246.00000 0.01884
1016.00000 0.02520
664.00000 0.03921
686.00000 0.02459
1299.00000 0.03875
954.00000 0.03583
1279.00000 0.01646
738.00000 0.03684
894.00000 0.03385
1279.00000 0.03667
1036.00000 0.02721
975.00000 0.01972
1063.00000 0.03037
917.00000 0.02586
1102.00000 0.03131
1369.00000 0.02043
831.00000 0.02877
993.00000 0.02619
1299.00000 0.03414
691.00000 0.02210
1024.00000 0.02551
67.00000 0.02662
1232.00000 0.03028
1488.00000 0.02623
988.00000 0.03181
901.00000 0.02512
1362.00000 0.02357
1029.00000 0.02794
881.00000 0.02569
880.00000 0.02965
1124.00000 0.01654
1308.00000 0.02390
1064.00000 0.03564
1115.00000 0.03280
1342.00000 0.02369
1180.00000 0.02837
1257.00000 0.03174
1524.00000 0.04350
1035.00000 0.03077
656.00000 0.03002
1273.00000 0.03673
1314.00000 0.03470
1398.00000 0.04191
1155.00000 0.03563
1042.00000 0.02496
466.00000 0.03135
1163.00000 0.01857
944.00000 0.03361
862.00000 0.03511
929.00000 0.03410
1566.00000 0.03958
1308.00000 0.02142
301.00000 0.02924
1024.00000 0.02029
734.00000 0.04091
719.00000 0.03495
1193.00000 0.03525
1251.00000 0.03055
1398.00000 0.03547
890.00000 0.03617
628.00000 0.02829
967.00000 0.01944
1112.00000 0.02887
1206.00000 0.01736
1059.00000 0.02211
1324.00000 0.02600
1387.00000 0.03495
718.00000 0.02881
1407.00000 0.03567
1042.00000 0.02638
875.00000 0.02121
1074.00000 0.02755
967.00000 0.02457
959.00000 0.02020
1280.00000 0.02696
970.00000 0.02792
968.00000 0.03229
1048.00000 0.02832
1170.00000 0.03723
284.00000 0.02674
1463.00000 0.02953
1340.00000 0.01731
1367.00000 0.03413
597.00000 0.02714
1255.00000 0.02368
959.00000 0.04014
1038.00000 0.02216
1004.00000 0.02485
1068.00000 0.02394
1056.00000 0.02533
1380.00000 0.02191
1256.00000 0.03048
67.00000 0.02662
990.00000 0.01973
1119.00000 0.02561
837.00000 0.02453
656.00000 0.04294
1354.00000 0.02140
1337.00000 0.04042
1081.00000 0.02820
1189.00000 0.02933
1252.00000 0.03307
726.00000 0.03248
1351.00000 0.03000
1146.00000 0.02139
633.00000 0.03153
950.00000 0.02846
1194.00000 0.02190
858.00000 0.03386
1075.00000 0.02463
1349.00000 0.02367
914.00000 0.02509
937.00000 0.02803
1343.00000 0.02304
579.00000 0.02565
972.00000 0.02464
693.00000 0.03132
175.00000 0.02941
823.00000 0.02905
1209.00000 0.03426
829.00000 0.03171
705.00000 0.02963
1024.00000 0.02710
909.00000 0.02933
1169.00000 0.02862
1268.00000 0.01572
1183.00000 0.02776
885.00000 0.03893
935.00000 0.02149
801.00000 0.02988
1099.00000 0.02854
633.00000 0.03153
1004.00000 0.02549
1019.00000 0.02822
353.00000 0.08868
405.00000 0.08815
448.00000 0.09170
284.00000 0.06617
422.00000 0.08741
200.00000 0.03226
412.00000 0.06345
197.00000 0.07881
438.00000 0.06905
179.00000 0.02622
67.00000 0.02662
260.00000 0.07264
265.00000 0.05867
404.00000 0.06271
71.00000 0.05141
312.00000 0.08502
363.00000 0.04084
270.00000 0.06346
254.00000 0.04404
405.00000 0.06497
445.00000 0.04947
418.00000 0.08368
386.00000 0.05897
254.00000 0.03402
400.00000 0.08837
215.00000 0.02744
413.00000 0.04966
381.00000 0.08124
375.00000 0.06456
292.00000 0.03347
291.00000 0.07771
243.00000 0.02742
67.00000 0.02662
287.00000 0.08760
372.00000 0.07698
419.00000 0.06434
214.00000 0.02789
374.00000 0.06712
313.00000 0.05159
262.00000 0.07246
437.00000 0.06875
318.00000 0.06387
236.00000 0.06289
170.00000 0.08134
243.00000 0.04775
179.00000 0.07791
291.00000 0.07280
300.00000 0.04598
436.00000 0.07461
348.00000 0.08538
448.00000 0.08243
283.00000 0.05828
401.00000 0.06804
455.00000 0.07101
263.00000 0.06122
427.00000 0.04539
198.00000 0.02970
321.00000 0.08579
420.00000 0.05194
352.00000 0.03744
444.00000 0.08169
146.00000 0.04803
331.00000 0.04366
71.00000 0.05141
295.00000 0.05925
284.00000 0.05140
56.00000 0.07477
362.00000 0.06094
378.00000 0.04954
253.00000 0.10016
348.00000 0.06180
67.00000 0.02662
363.00000 0.08264
367.00000 0.07067
290.00000 0.06766
410.00000 0.09070
409.00000 0.10078
468.00000 0.11144
422.00000 0.08640
214.00000 0.08125
345.00000 0.08870
277.00000 0.06092
451.00000 0.04740
226.00000 0.02624
345.00000 0.05233
172.00000 0.08259
271.00000 0.04155
367.00000 0.07466
423.00000 0.07682
149.00000 0.09144
318.00000 0.04804
230.00000 0.07697
389.00000 0.06996
209.00000 0.06013
376.00000 0.05699
404.00000 0.09179
329.00000 0.08635
270.00000 0.06725
245.00000 0.05128
366.00000 0.07236
391.00000 0.07126
261.00000 0.07536
389.00000 0.09077
341.00000 0.08068
445.00000 0.09931
437.00000 0.08095
289.00000 0.02891
242.00000 0.04965
295.00000 0.04254
307.00000 0.09551
233.00000 0.08963
242.00000 0.05132
345.00000 0.05209
421.00000 0.06905
56.00000 0.07477
456.00000 0.06056
292.00000 0.07498
313.00000 0.05387
322.00000 0.08800
383.00000 0.07720
332.00000 0.05782
316.00000 0.08464
465.00000 0.10251
411.00000 0.06783
109.00000 0.08820
418.00000 0.06565
393.00000 0.09782
427.00000 0.04633
453.00000 0.06342
279.00000 0.05399
161.00000 0.07505
370.00000 0.08071
447.00000 0.07132
67.00000 0.02662
472.00000 0.08162
423.00000 0.09601
124.00000 0.08348
309.00000 0.05956
412.00000 0.05945
345.00000 0.07705
288.00000 0.09360
294.00000 0.05885
397.00000 0.08870
287.00000 0.02955
350.00000 0.05135
103.00000 0.08514
332.00000 0.07387
415.00000 0.05856
350.00000 0.09495
323.00000 0.08587
435.00000 0.09469
220.00000 0.07717
397.00000 0.07754
300.00000 0.08312
419.00000 0.04784
404.00000 0.06970
399.00000 0.05482
417.00000 0.04838
424.00000 0.05814
243.00000 0.04915
273.00000 0.09120
56.00000 0.07477
329.00000 0.08437
216.00000 0.02699
88.00000 0.08730
275.00000 0.04254
405.00000 0.06856
72.00000 0.05927
441.00000 0.08196
454.00000 0.08174
340.00000 0.07415
225.00000 0.02758
202.00000 0.05902
336.00000 0.05715
227.00000 0.04685
325.00000 0.05587
223.00000 0.05684
432.00000 0.08938
345.00000 0.07616
317.00000 0.09487
243.00000 0.02742
444.00000 0.06447
230.00000 0.02696
201.00000 0.05835
412.00000 0.05089
398.00000 0.05942
156.00000 0.03731
412.00000 0.07602
67.00000 0.02662
330.00000 0.05703
415.00000 0.06388
303.00000 0.03840
396.00000 0.08820
330.00000 0.05480
283.00000 0.08002
363.00000 0.05290
392.00000 0.05024
178.00000 0.02605
356.00000 0.04389
56.00000 0.07477
403.00000 0.08631
224.00000 0.06516
405.00000 0.05315
408.00000 0.05088
252.00000 0.05052
249.00000 0.05162
428.00000 0.06851
382.00000 0.05035
343.00000 0.06278
189.00000 0.03767
243.00000 0.02742
393.00000 0.07419
402.00000 0.03900
322.00000 0.08505
459.00000 0.07952
390.00000 0.05499
426.00000 0.06767
394.00000 0.03597
465.00000 0.07811
332.00000 0.08503
391.00000 0.07350
205.00000 0.03693
364.00000 0.03750
430.00000 0.07943
415.00000 0.08581
210.00000 0.06345
428.00000 0.07444
344.00000 0.07249
286.00000 0.08676
252.00000 0.05535
107.00000 0.08711
345.00000 0.05309
151.00000 0.07977
245.00000 0.07165
324.00000 0.05769
228.00000 0.05882
296.00000 0.07965
243.00000 0.02742
217.00000 0.05615
221.00000 0.08531
253.00000 0.05143
306.00000 0.08897
469.00000 0.08855
284.00000 0.03205
412.00000 0.08233
422.00000 0.08490
301.00000 0.04884
368.00000 0.04152
176.00000 0.06300
70.00000 0.05501
331.00000 0.04956
211.00000 0.02959
421.00000 0.06739
267.00000 0.05407
300.00000 0.07324
423.00000 0.08325
308.00000 0.04399
248.00000 0.04583
360.00000 0.04753
445.00000 0.08840
452.00000 0.08759
331.00000 0.08509
398.00000 0.04088
376.00000 0.05530
356.00000 0.09169
231.00000 0.04967
401.00000 0.05429
223.00000 0.08718
67.00000 0.02662
335.00000 0.06106
428.00000 0.07846
318.00000 0.04930
461.00000 0.05833
436.00000 0.06507
306.00000 0.07590
446.00000 0.06596
299.00000 0.03664
70.00000 0.05201
346.00000 0.07702
452.00000 0.07488
227.00000 0.04538
346.00000 0.04224
366.00000 0.07808
404.00000 0.07769
402.00000 0.06890
308.00000 0.02838
288.00000 0.06151
111.00000 0.08786
243.00000 0.08666
234.00000 0.04773
413.00000 0.07518
441.00000 0.06424
67.00000 0.02662
289.00000 0.05422
155.00000 0.06893
282.00000 0.04951
434.00000 0.06838
239.00000 0.05114
353.00000 0.07316
367.00000 0.07283
434.00000 0.07967
410.00000 0.05403
219.00000 0.04269
322.00000 0.05272
362.00000 0.04887
131.00000 0.08653
56.00000 0.07477
292.00000 0.07333
434.00000 0.04654
178.00000 0.02605
226.00000 0.02624
403.00000 0.06985
355.00000 0.08029
303.00000 0.03070
415.00000 0.08718
259.00000 0.07205
448.00000 0.07607
308.00000 0.04964
290.00000 0.08534
175.00000 0.08950
391.00000 0.06580
319.00000 0.06013
421.00000 0.09659
244.00000 0.07322
296.00000 0.06739
443.00000 0.06318
334.00000 0.08355
387.00000 0.05173
355.00000 0.05739
228.00000 0.08541
424.00000 0.05940
329.00000 0.07733
340.00000 0.07016
389.00000 0.08541
420.00000 0.05975
393.00000 0.06829
436.00000 0.10402
333.00000 0.06228
68.00000 0.03470
381.00000 0.07473
284.00000 0.07600
71.00000 0.05141
412.00000 0.07281
323.00000 0.06944
380.00000 0.07472
323.00000 0.06969
330.00000 0.05525
356.00000 0.09455
384.00000 0.07092
416.00000 0.07217
398.00000 0.07571
56.00000 0.07477
418.00000 0.06562
123.00000 0.08111
456.00000 0.07660
319.00000 0.06532
390.00000 0.07656
441.00000 0.09008
281.00000 0.09686
463.00000 0.05967
324.00000 0.06362
439.00000 0.05090
67.00000 0.02662
225.00000 0.09956
177.00000 0.02658
397.00000 0.08627
302.00000 0.03738
256.00000 0.07025
395.00000 0.08038
120.00000 0.08166
351.00000 0.05044
351.00000 0.08390
434.00000 0.06711
361.00000 0.04245
385.00000 0.06418
421.00000 0.07454
385.00000 0.08771
338.00000 0.05436
426.00000 0.08105
180.00000 0.10528
367.00000 0.08127
434.00000 0.04802
270.00000 0.06042
329.00000 0.04034
315.00000 0.04626
390.00000 0.08544
357.00000 0.07219
284.00000 0.09024
226.00000 0.02624
263.00000 0.04988
220.00000 0.06284
231.00000 0.02838
246.00000 0.07332
224.00000 0.06675
312.00000 0.05872
345.00000 0.06457
381.00000 0.07144
242.00000 0.04429
280.00000 0.02981
247.00000 0.05007
394.00000 0.08420
196.00000 0.03078
288.00000 0.10850
398.00000 0.05797
244.00000 0.05095
258.00000 0.05839
204.00000 0.07600
276.00000 0.05441
339.00000 0.09638
319.00000 0.04846
251.00000 0.05498
426.00000 0.06412
213.00000 0.08342
237.00000 0.06623
394.00000 0.05079
340.00000 0.08587
260.00000 0.07912
320.00000 0.04756
324.00000 0.08256
321.00000 0.10098
408.00000 0.09284
428.00000 0.07764
379.00000 0.05692
278.00000 0.06118
247.00000 0.05632
270.00000 0.05978
300.00000 0.09149
415.00000 0.05556
307.00000 0.09645
435.00000 0.08948
458.00000 0.09421
291.00000 0.08341
350.00000 0.11402
86.00000 0.05645
71.00000 0.05141
390.00000 0.07257
416.00000 0.09161
143.00000 0.05979
287.00000 0.11288
71.00000 0.05141
246.00000 0.05079
243.00000 0.02742
414.00000 0.07813
411.00000 0.05325
302.00000 0.07796
252.00000 0.05396
290.00000 0.06539
426.00000 0.06158
458.00000 0.05445
301.00000 0.06526
348.00000 0.07156
394.00000 0.06489
297.00000 0.09404
67.00000 0.05810
349.00000 0.07103
71.00000 0.05141
280.00000 0.02981
242.00000 0.08154
405.00000 0.06698
82.00000 0.05574
202.00000 0.05544
406.00000 0.06415
322.00000 0.08546
420.00000 0.04427
355.00000 0.08452
178.00000 0.02675
352.00000 0.05978
416.00000 0.06014
315.00000 0.03614
271.00000 0.07970
328.00000 0.05685
343.00000 0.05707
354.00000 0.08097
446.00000 0.05843
368.00000 0.07937
423.00000 0.08470
156.00000 0.03731
271.00000 0.04155
455.00000 0.05465
449.00000 0.05808
154.00000 0.05915
398.00000 0.06434
404.00000 0.06250
446.00000 0.05658
434.00000 0.07278
417.00000 0.06997
67.00000 0.02662
216.00000 0.02699
168.00000 0.07792
355.00000 0.06455
359.00000 0.05153
175.00000 0.02941
196.00000 0.08249
451.00000 0.07391
255.00000 0.05404
233.00000 0.06130
347.00000 0.07370
415.00000 0.07803
375.00000 0.06993
415.00000 0.08246
340.00000 0.06255
373.00000 0.07781
356.00000 0.08531
164.00000 0.10071
406.00000 0.05557
329.00000 0.07361
431.00000 0.07655
398.00000 0.07539
428.00000 0.09351
323.00000 0.08915
281.00000 0.04872
428.00000 0.07438
259.00000 0.06769
267.00000 0.08868
437.00000 0.09689
282.00000 0.07085
315.00000 0.07291
439.00000 0.07039
248.00000 0.06108
332.00000 0.05379
243.00000 0.08103
244.00000 0.05647
249.00000 0.11028
395.00000 0.09342
380.00000 0.07945
148.00000 0.05460
287.00000 0.07356
233.00000 0.08115
318.00000 0.06318
244.00000 0.04431
397.00000 0.07876
323.00000 0.08943
82.00000 0.05574
310.00000 0.09186
391.00000 0.09188
371.00000 0.05988
228.00000 0.05882
235.00000 0.06352
390.00000 0.08604
213.00000 0.02867
173.00000 0.07381
293.00000 0.03719
350.00000 0.03547
230.00000 0.07339
392.00000 0.08560
178.00000 0.02675
421.00000 0.07457
421.00000 0.08248
367.00000 0.07755
215.00000 0.02744
381.00000 0.06306
431.00000 0.08391
67.00000 0.02662
420.00000 0.07552
204.00000 0.08258
421.00000 0.06761
224.00000 0.07762
377.00000 0.07629
394.00000 0.08039
291.00000 0.03063
216.00000 0.07950
362.00000 0.07687
356.00000 0.05322
327.00000 0.04275
467.00000 0.09178
453.00000 0.07180
416.00000 0.05031
280.00000 0.02981
243.00000 0.02742
265.00000 0.06858
249.00000 0.05231
357.00000 0.08539
406.00000 0.07752
216.00000 0.02699
261.00000 0.04978
441.00000 0.08235
321.00000 0.07031
284.00000 0.07716
204.00000 0.08763
284.00000 0.05243
257.00000 0.05505
394.00000 0.08332
475.00000 0.08606
359.00000 0.07780
290.00000 0.07886
317.00000 0.06331
396.00000 0.05641
217.00000 0.05667
266.00000 0.08119
410.00000 0.05972
86.00000 0.05645
345.00000 0.09646
331.00000 0.04838
216.00000 0.07407
437.00000 0.08111
309.00000 0.03524
401.00000 0.04165
341.00000 0.05158
109.00000 0.08755
414.00000 0.07603
425.00000 0.09076
357.00000 0.04730
72.00000 0.05364
303.00000 0.07369
374.00000 0.09865
294.00000 0.05607
82.00000 0.05574
436.00000 0.08945
430.00000 0.07561
430.00000 0.07570
318.00000 0.04958
219.00000 0.07672
248.00000 0.07253
389.00000 0.07793
374.00000 0.08511
205.00000 0.03917
432.00000 0.08051
159.00000 0.06508
268.00000 0.06908
246.00000 0.04528
361.00000 0.05362
275.00000 0.07407
370.00000 0.08925
260.00000 0.05266
400.00000 0.05319
306.00000 0.09943
320.00000 0.04839
67.00000 0.02662
274.00000 0.06234
427.00000 0.06030
424.00000 0.06060
395.00000 0.06017
358.00000 0.03950
446.00000 0.08150
402.00000 0.05981
326.00000 0.03816
240.00000 0.03538
202.00000 0.05807
438.00000 0.04657
369.00000 0.08817
282.00000 0.05580
248.00000 0.05014
308.00000 0.02838
435.00000 0.04639
330.00000 0.08019
253.00000 0.05143
353.00000 0.08116
254.00000 0.05232
301.00000 0.07057
327.00000 0.04610
268.00000 0.04772
332.00000 0.07449
356.00000 0.09004
216.00000 0.02699
327.00000 0.04610
256.00000 0.08160
258.00000 0.04346
237.00000 0.06234
435.00000 0.09082
318.00000 0.08375
198.00000 0.05878
268.00000 0.05010
243.00000 0.02742
398.00000 0.06193
344.00000 0.09417
248.00000 0.05014
421.00000 0.05486
57.00000 0.08065
479.00000 0.07939
185.00000 0.05711
260.00000 0.07264
78.00000 0.08927
435.00000 0.07931
378.00000 0.07160
423.00000 0.09420
422.00000 0.07156
389.00000 0.06177
357.00000 0.07585
428.00000 0.08351
241.00000 0.04985
371.00000 0.06506
314.00000 0.08226
158.00000 0.08106
209.00000 0.04794
208.00000 0.07534
294.00000 0.09136
356.00000 0.08227
421.00000 0.08130
232.00000 0.07644
417.00000 0.07871
433.00000 0.05073
245.00000 0.05022
244.00000 0.05035
442.00000 0.10250
346.00000 0.08536
438.00000 0.08988
265.00000 0.05263
175.00000 0.02941
454.00000 0.08256
282.00000 0.10639
412.00000 0.09199
179.00000 0.02741
436.00000 0.10258
291.00000 0.05512
445.00000 0.04043
231.00000 0.07822
433.00000 0.04965
376.00000 0.05424
386.00000 0.08725
376.00000 0.04240
70.00000 0.07059
217.00000 0.02852
230.00000 0.09102
241.00000 0.04918
296.00000 0.06667
179.00000 0.02669
417.00000 0.07363
398.00000 0.05373
442.00000 0.09225
287.00000 0.06670
335.00000 0.10038
424.00000 0.07299
333.00000 0.04966
285.00000 0.02712
254.00000 0.08871
377.00000 0.07195
327.00000 0.07400
359.00000 0.08398
266.00000 0.05995
439.00000 0.08730
67.00000 0.02662
440.00000 0.08612
224.00000 0.02183
283.00000 0.05891
235.00000 0.06070
423.00000 0.09317
287.00000 0.05133
343.00000 0.07861
411.00000 0.08338
388.00000 0.06085
404.00000 0.05852
215.00000 0.02744
309.00000 0.04438
329.00000 0.07925
365.00000 0.05500
444.00000 0.08005
368.00000 0.08765
290.00000 0.03001
324.00000 0.07409
333.00000 0.03840
323.00000 0.09689
382.00000 0.05917
179.00000 0.08909
366.00000 0.07278
260.00000 0.08584
130.00000 0.08260
309.00000 0.04807
256.00000 0.05554
373.00000 0.06304
324.00000 0.09368
67.00000 0.02662
56.00000 0.07477
302.00000 0.03677
383.00000 0.05404
416.00000 0.05502
456.00000 0.06015
347.00000 0.06319
71.00000 0.05141
366.00000 0.08245
361.00000 0.05954
326.00000 0.07015
461.00000 0.08846
415.00000 0.07753
172.00000 0.07385
423.00000 0.08571
400.00000 0.07326
232.00000 0.05062
280.00000 0.02981
322.00000 0.09070
169.00000 0.09068
314.00000 0.03246
256.00000 0.06689
371.00000 0.06522
321.00000 0.08939
452.00000 0.08875
212.00000 0.05228
281.00000 0.02896
337.00000 0.08684
446.00000 0.06477
301.00000 0.07121
342.00000 0.08118
348.00000 0.07797
465.00000 0.04869
332.00000 0.05112
425.00000 0.06815
342.00000 0.07430
315.00000 0.06049
430.00000 0.09117
243.00000 0.06413
431.00000 0.04786
229.00000 0.04768
322.00000 0.09061
309.00000 0.04628
439.00000 0.07756
391.00000 0.07506
403.00000 0.09895
243.00000 0.02742
377.00000 0.07217
215.00000 0.02744
404.00000 0.08264
255.00000 0.08224
306.00000 0.06049
345.00000 0.03863
284.00000 0.07278
386.00000 0.08358
67.00000 0.02662
150.00000 0.04595
423.00000 0.05076
350.00000 0.08883
441.00000 0.11328
341.00000 0.07892
400.00000 0.08763
203.00000 0.03289
446.00000 0.06923
256.00000 0.05108
237.00000 0.06970
55.00000 0.07948
482.00000 0.09278
328.00000 0.08244
328.00000 0.04695
67.00000 0.02662
389.00000 0.04995
225.00000 0.02758
407.00000 0.05882
186.00000 0.06032
323.00000 0.07910
317.00000 0.10216
427.00000 0.06403
389.00000 0.06903
227.00000 0.02645
423.00000 0.05988
206.00000 0.03605
447.00000 0.08597
254.00000 0.07050
339.00000 0.05963
440.00000 0.08298
386.00000 0.06655
367.00000 0.07800
155.00000 0.05655
353.00000 0.07471
295.00000 0.08081
280.00000 0.04468
165.00000 0.09162
282.00000 0.04734
387.00000 0.05099
446.00000 0.09399
376.00000 0.05273
322.00000 0.06247
447.00000 0.08219
362.00000 0.06827
280.00000 0.06680
243.00000 0.02742
427.00000 0.07080
323.00000 0.09527
415.00000 0.06856
394.00000 0.07926
252.00000 0.06017
424.00000 0.05081
412.00000 0.08703
311.00000 0.04777
280.00000 0.06861
437.00000 0.10120
324.00000 0.07115
56.00000 0.07477
397.00000 0.10114
323.00000 0.06981
348.00000 0.07899
330.00000 0.09357
447.00000 0.07293
230.00000 0.02696
410.00000 0.09437
429.00000 0.07196
427.00000 0.06996
306.00000 0.05736
451.00000 0.08657
67.00000 0.02662
258.00000 0.08772
335.00000 0.06638
281.00000 0.08884
438.00000 0.08778
426.00000 0.09558
336.00000 0.07644
356.00000 0.06141
253.00000 0.08539
318.00000 0.04420
241.00000 0.06693
416.00000 0.09349
295.00000 0.07932
178.00000 0.02675
226.00000 0.04805
396.00000 0.06055
396.00000 0.05846
301.00000 0.09370
216.00000 0.05666
366.00000 0.07192
356.00000 0.05600
169.00000 0.06226
322.00000 0.07466
382.00000 0.07851
213.00000 0.02867
71.00000 0.05141
402.00000 0.05453
200.00000 0.07005
199.00000 0.05778
293.00000 0.06007
245.00000 0.04520
428.00000 0.08166
254.00000 0.08267
196.00000 0.03078
320.00000 0.05252
430.00000 0.08343
257.00000 0.05421
353.00000 0.06903
71.00000 0.05141
357.00000 0.06985
294.00000 0.08251
328.00000 0.07149
243.00000 0.02742
314.00000 0.05546
380.00000 0.06409
403.00000 0.07503
430.00000 0.07303
394.00000 0.06125
359.00000 0.09931
247.00000 0.05390
409.00000 0.07738
301.00000 0.08606
421.00000 0.07177
329.00000 0.05553
266.00000 0.09720
329.00000 0.03713
382.00000 0.03884
289.00000 0.08818
472.00000 0.08556
442.00000 0.09249
456.00000 0.04883
417.00000 0.09197
362.00000 0.08764
395.00000 0.07698
412.00000 0.07307
257.00000 0.03337
280.00000 0.06223
145.00000 0.09163
348.00000 0.07032
247.00000 0.05007
226.00000 0.02624
71.00000 0.05141
232.00000 0.08168
414.00000 0.07545
394.00000 0.06171
318.00000 0.05044
388.00000 0.06329
292.00000 0.09580
147.00000 0.05014
76.00000 0.09041
263.00000 0.05490
243.00000 0.02742
424.00000 0.07627
148.00000 0.05487
238.00000 0.10343
500.00000 0.06938
448.00000 0.06445
280.00000 0.07119
312.00000 0.05368
232.00000 0.07122
334.00000 0.03728
438.00000 0.06868
131.00000 0.09479
453.00000 0.08005
310.00000 0.08778
443.00000 0.07678
394.00000 0.07308
287.00000 0.08247
467.00000 0.06533
145.00000 0.04156
236.00000 0.05077
376.00000 0.09047
320.00000 0.03118
268.00000 0.05349
438.00000 0.07901
331.00000 0.12135
319.00000 0.08736
267.00000 0.06851
251.00000 0.04488
373.00000 0.08694
395.00000 0.07003
455.00000 0.08485
367.00000 0.05095
180.00000 0.05766
198.00000 0.02970
321.00000 0.09300
249.00000 0.04840
304.00000 0.08677
246.00000 0.04394
184.00000 0.05968
447.00000 0.07963
370.00000 0.07963
403.00000 0.07760
333.00000 0.05136
424.00000 0.07695
313.00000 0.07277
435.00000 0.08840
366.00000 0.07040
387.00000 0.06557
394.00000 0.06489
152.00000 0.07925
427.00000 0.09360
319.00000 0.03364
415.00000 0.05912
249.00000 0.08720
448.00000 0.06877
357.00000 0.06593
56.00000 0.07477
316.00000 0.03267
384.00000 0.05113
418.00000 0.09351
417.00000 0.06097
342.00000 0.06054
277.00000 0.04767
302.00000 0.06396
391.00000 0.07017
333.00000 0.04119
302.00000 0.02666
283.00000 0.02655
243.00000 0.02742
355.00000 0.09327
55.00000 0.08294
357.00000 0.09611
297.00000 0.04644
340.00000 0.05803
266.00000 0.06590
243.00000 0.02742
415.00000 0.05548
241.00000 0.05269
178.00000 0.02675
414.00000 0.07457
388.00000 0.07142
340.00000 0.04992
187.00000 0.05633
263.00000 0.08133
216.00000 0.02699
340.00000 0.07415
424.00000 0.07325
416.00000 0.07206
326.00000 0.07308
301.00000 0.05976
444.00000 0.06636
441.00000 0.07814
290.00000 0.08096
415.00000 0.07227
251.00000 0.06670
311.00000 0.05086
402.00000 0.05934
418.00000 0.05905
250.00000 0.05096
341.00000 0.04051
392.00000 0.05651
399.00000 0.08180
402.00000 0.07195
435.00000 0.06448
364.00000 0.07854
264.00000 0.07301
457.00000 0.07177
242.00000 0.04962
244.00000 0.02788
271.00000 0.04002
264.00000 0.04965
426.00000 0.04914
378.00000 0.04847
431.00000 0.04874
398.00000 0.06232
320.00000 0.03162
230.00000 0.04985
323.00000 0.05458
285.00000 0.02953
279.00000 0.07924
399.00000 0.08300
173.00000 0.10376
316.00000 0.07252
350.00000 0.08719
466.00000 0.08782
386.00000 0.04430
175.00000 0.05882
360.00000 0.07617
446.00000 0.07596
195.00000 0.03022
444.00000 0.05620
243.00000 0.02742
216.00000 0.02699
308.00000 0.04502
435.00000 0.08239
396.00000 0.08247
318.00000 0.08385
433.00000 0.07229
182.00000 0.05891
363.00000 0.05294
122.00000 0.08421
246.00000 0.06800
279.00000 0.08934
243.00000 0.02742
460.00000 0.06753
449.00000 0.08335
82.00000 0.05574
402.00000 0.07382
401.00000 0.06626
395.00000 0.09024
348.00000 0.08970
348.00000 0.06075
343.00000 0.08121
400.00000 0.04847
190.00000 0.07973
295.00000 0.07423
115.00000 0.07522
447.00000 0.06959
314.00000 0.07311
403.00000 0.07514
386.00000 0.10484
421.00000 0.08092
312.00000 0.05166
243.00000 0.02742
231.00000 0.02686
408.00000 0.07947
280.00000 0.06810
220.00000 0.09813
280.00000 0.05493
403.00000 0.08252
386.00000 0.05846
189.00000 0.03353
109.00000 0.08755
416.00000 0.08317
256.00000 0.08483
462.00000 0.07557
287.00000 0.08213
240.00000 0.03950
351.00000 0.07864
353.00000 0.06372
368.00000 0.05342
437.00000 0.06151
333.00000 0.05527
226.00000 0.06435
354.00000 0.04234
79.00000 0.08913
71.00000 0.05141
142.00000 0.06462
325.00000 0.07329
271.00000 0.04029
406.00000 0.06825
387.00000 0.08846
182.00000 0.10106
323.00000 0.08427
289.00000 0.02891
199.00000 0.05778
312.00000 0.09083
154.00000 0.03775
314.00000 0.09345
249.00000 0.07272
354.00000 0.10705
56.00000 0.07477
395.00000 0.06982
343.00000 0.04138
67.00000 0.02662
287.00000 0.08953
424.00000 0.06583
259.00000 0.08541
242.00000 0.10051
439.00000 0.05945
426.00000 0.07852
322.00000 0.08626
361.00000 0.07612
441.00000 0.08687
354.00000 0.05751
253.00000 0.07662
216.00000 0.02699
377.00000 0.07023
300.00000 0.07758
249.00000 0.03182
346.00000 0.05740
210.00000 0.07996
245.00000 0.05248
428.00000 0.07566
278.00000 0.05349
179.00000 0.02669
239.00000 0.05102
271.00000 0.06063
255.00000 0.04972
72.00000 0.05364
413.00000 0.08072
384.00000 0.08571
353.00000 0.07683
308.00000 0.04502
310.00000 0.07307
72.00000 0.05364
262.00000 0.08356
461.00000 0.07269
375.00000 0.07778
323.00000 0.08913
333.00000 0.07475
255.00000 0.09302
451.00000 0.08767
316.00000 0.05530
295.00000 0.04949
282.00000 0.09256
308.00000 0.02838
394.00000 0.09539
432.00000 0.08483
346.00000 0.06148
375.00000 0.07596
215.00000 0.07602
223.00000 0.03466
439.00000 0.08305
269.00000 0.07060
259.00000 0.04415
352.00000 0.04092
351.00000 0.07448
67.00000 0.02662
439.00000 0.07869
210.00000 0.04971
376.00000 0.05891
383.00000 0.09064
440.00000 0.10140
307.00000 0.08048
435.00000 0.05733
180.00000 0.08556
256.00000 0.06546
306.00000 0.03531
196.00000 0.03330
417.00000 0.07468
297.00000 0.08513
345.00000 0.05161
295.00000 0.03113
226.00000 0.05772
199.00000 0.03311
253.00000 0.06438
343.00000 0.07556
446.00000 0.07449
369.00000 0.08166
291.00000 0.08238
434.00000 0.07292
309.00000 0.04342
397.00000 0.10545
71.00000 0.05141
449.00000 0.09755
175.00000 0.05725
367.00000 0.03802
240.00000 0.03538
342.00000 0.08878
366.00000 0.04775
238.00000 0.06808
408.00000 0.06649
393.00000 0.06865
442.00000 0.08456
254.00000 0.06112
390.00000 0.05306
448.00000 0.08413
291.00000 0.07325
224.00000 0.07370
178.00000 0.02605
438.00000 0.06323
297.00000 0.09568
331.00000 0.03735
374.00000 0.04281
456.00000 0.09066
378.00000 0.06602
370.00000 0.08043
247.00000 0.05007
391.00000 0.08399
317.00000 0.04703
319.00000 0.05910
453.00000 0.04720
373.00000 0.06124
313.00000 0.04736
250.00000 0.05059
54.00000 0.08873
226.00000 0.07362
362.00000 0.05127
274.00000 0.04218
400.00000 0.08487
322.00000 0.06628
414.00000 0.07848
302.00000 0.07097
283.00000 0.09228
298.00000 0.08535
71.00000 0.05141
246.00000 0.05521
244.00000 0.08137
236.00000 0.04984
391.00000 0.04769
316.00000 0.04294
201.00000 0.05599
370.00000 0.08775
248.00000 0.06670
315.00000 0.08434
207.00000 0.06106
400.00000 0.05708
292.00000 0.09760
324.00000 0.03772
249.00000 0.06534
369.00000 0.05103
82.00000 0.09028
436.00000 0.07319
439.00000 0.09227
67.00000 0.02662
254.00000 0.08212
255.00000 0.08674
388.00000 0.06474
185.00000 0.05923
416.00000 0.09203
439.00000 0.09250
315.00000 0.03845
434.00000 0.09364
407.00000 0.07831
412.00000 0.09576
77.00000 0.08842
345.00000 0.07812
82.00000 0.05574
363.00000 0.06331
202.00000 0.08143
405.00000 0.07404
290.00000 0.06721
318.00000 0.04914
431.00000 0.09310
324.00000 0.06941
420.00000 0.06535
406.00000 0.07322
152.00000 0.05893
200.00000 0.08677
255.00000 0.05500
224.00000 0.03450
243.00000 0.02742
243.00000 0.02742
279.00000 0.08571
377.00000 0.07540
400.00000 0.09505
177.00000 0.02844
213.00000 0.05618
361.00000 0.08505
354.00000 0.07028
387.00000 0.07960
291.00000 0.03812
216.00000 0.02699
264.00000 0.06355
338.00000 0.08962
172.00000 0.07353
80.00000 0.06186
214.00000 0.05754
313.00000 0.07128
400.00000 0.05124
453.00000 0.08020
428.00000 0.08200
383.00000 0.07550
394.00000 0.06158
308.00000 0.06879
287.00000 0.04746
323.00000 0.07730
243.00000 0.02742
337.00000 0.07950
430.00000 0.05310
438.00000 0.08965
379.00000 0.07752
68.00000 0.05942
71.00000 0.05141
317.00000 0.04832
305.00000 0.08376
338.00000 0.06504
294.00000 0.07403
1039.00000 0.02189
688.00000 0.02907
551.00000 0.02976
1136.00000 0.02202
1151.00000 0.03036
964.00000 0.02680
1447.00000 0.01659
1129.00000 0.02349
1359.00000 0.02918
1061.00000 0.02273
1317.00000 0.02431
632.00000 0.02589
819.00000 0.04077
1081.00000 0.02364
1260.00000 0.01475
1085.00000 0.02201
1320.00000 0.01628
707.00000 0.03153
743.00000 0.02319
711.00000 0.02368
525.00000 0.02882
1267.00000 0.01987
1289.00000 0.02733
994.00000 0.02302
1105.00000 0.02578
843.00000 0.03068
654.00000 0.02600
1028.00000 0.02156
1102.00000 0.02506
822.00000 0.02899
872.00000 0.02986
1037.00000 0.03758
282.00000 0.02642
1241.00000 0.03935
760.00000 0.02840
1002.00000 0.02298
1230.00000 0.02016
651.00000 0.03187
1329.00000 0.01999
895.00000 0.03397
1125.00000 0.02425
1522.00000 0.01662
1346.00000 0.02658
305.00000 0.02550
973.00000 0.02703
1158.00000 0.02345
1133.00000 0.02775
1148.00000 0.02138
1145.00000 0.02579
768.00000 0.03007
1247.00000 0.02219
888.00000 0.02263
855.00000 0.02578
1206.00000 0.02361
979.00000 0.01929
1095.00000 0.02744
1181.00000 0.01735
1228.00000 0.03448
1402.00000 0.02268
178.00000 0.02675
1527.00000 0.02284
1442.00000 0.01377
887.00000 0.02320
1207.00000 0.02848
1298.00000 0.02960
1062.00000 0.03802
1410.00000 0.01891
177.00000 0.02658
986.00000 0.01922
1126.00000 0.02996
706.00000 0.03157
1036.00000 0.02398
956.00000 0.02286
594.00000 0.02535
230.00000 0.02550
1094.00000 0.02394
1333.00000 0.02187
1244.00000 0.01864
1275.00000 0.02565
1039.00000 0.02664
876.00000 0.03563
685.00000 0.02549
1098.00000 0.02921
1179.00000 0.01968
990.00000 0.02095
754.00000 0.02287
1145.00000 0.02376
1085.00000 0.01972
936.00000 0.02659
1030.00000 0.02679
1201.00000 0.01965
841.00000 0.02542
1372.00000 0.03185
993.00000 0.02494
1292.00000 0.02789
993.00000 0.02619
1443.00000 0.04103
1094.00000 0.01608
1184.00000 0.02963
1236.00000 0.02336
980.00000 0.03113
1115.00000 0.01427
1014.00000 0.01994
1560.00000 0.02703
773.00000 0.03043
1310.00000 0.03286
1291.00000 0.03220
1547.00000 0.02856
1453.00000 0.03321
1481.00000 0.03660
935.00000 0.02178
1307.00000 0.02179
875.00000 0.02760
1292.00000 0.03679
1216.00000 0.02992
513.00000 0.03035
1059.00000 0.03134
911.00000 0.02488
243.00000 0.02742
946.00000 0.03607
1021.00000 0.02777
1059.00000 0.02869
715.00000 0.03149
597.00000 0.02714
1319.00000 0.03175
1081.00000 0.02768
1155.00000 0.03046
1472.00000 0.02558
1049.00000 0.02570
905.00000 0.02968
1260.00000 0.02126
986.00000 0.02115
610.00000 0.03131
1078.00000 0.02210
1342.00000 0.04179
991.00000 0.02800
440.00000 0.03186
1108.00000 0.01486
1542.00000 0.02752
914.00000 0.02731
819.00000 0.03620
1167.00000 0.02246
1181.00000 0.02282
1111.00000 0.03279
908.00000 0.02372
1101.00000 0.02935
1123.00000 0.02687
655.00000 0.03896
1214.00000 0.02037
1100.00000 0.02479
1429.00000 0.01525
1283.00000 0.02963
564.00000 0.03404
836.00000 0.02347
1258.00000 0.02362
827.00000 0.02874
896.00000 0.02323
741.00000 0.03022
1430.00000 0.01441
1368.00000 0.03142
641.00000 0.02550
588.00000 0.02631
1067.00000 0.02564
1295.00000 0.01668
1183.00000 0.02048
1046.00000 0.02347
748.00000 0.02288
709.00000 0.02217
1552.00000 0.02613
1269.00000 0.03981
1001.00000 0.02412
1311.00000 0.02952
824.00000 0.02933
852.00000 0.02655
951.00000 0.02343
1388.00000 0.02749
967.00000 0.02750
1510.00000 0.02544
668.00000 0.02462
1302.00000 0.01564
1351.00000 0.01740
1269.00000 0.02777
944.00000 0.02912
859.00000 0.04236
779.00000 0.03119
1216.00000 0.02091
1328.00000 0.01970
1008.00000 0.02448
1302.00000 0.01866
759.00000 0.02411
911.00000 0.02569
947.00000 0.02807
942.00000 0.02193
1041.00000 0.02291
1175.00000 0.02187
871.00000 0.03069
980.00000 0.03385
1151.00000 0.03052
1187.00000 0.01703
819.00000 0.02866
995.00000 0.01981
1342.00000 0.03515
1190.00000 0.02002
1035.00000 0.01990
1230.00000 0.02012
873.00000 0.02513
899.00000 0.03043
1400.00000 0.02842
960.00000 0.02435
1147.00000 0.02514
1060.00000 0.01950
1318.00000 0.01940
955.00000 0.02304
1151.00000 0.02465
1282.00000 0.03007
555.00000 0.03341
1152.00000 0.02357
1273.00000 0.02505
1550.00000 0.03676
1035.00000 0.02013
974.00000 0.03914
1142.00000 0.02267
1206.00000 0.02364
1422.00000 0.01728
748.00000 0.02288
1231.00000 0.03673
983.00000 0.02698
1320.00000 0.01495
1397.00000 0.02265
486.00000 0.04904
313.00000 0.05559
482.00000 0.06846
397.00000 0.04387
285.00000 0.06551
438.00000 0.07040
287.00000 0.06936
298.00000 0.02677
356.00000 0.06151
743.00000 0.04729
333.00000 0.03846
67.00000 0.02662
455.00000 0.06279
450.00000 0.05270
360.00000 0.08520
491.00000 0.04255
392.00000 0.07917
503.00000 0.05500
489.00000 0.06674
226.00000 0.02624
594.00000 0.06584
283.00000 0.02659
234.00000 0.04203
658.00000 0.05356
262.00000 0.05252
318.00000 0.04490
478.00000 0.06585
356.00000 0.05204
541.00000 0.07050
259.00000 0.04822
423.00000 0.06624
421.00000 0.06894
504.00000 0.06172
470.00000 0.07065
500.00000 0.06559
505.00000 0.07358
67.00000 0.02662
405.00000 0.06167
410.00000 0.06662
464.00000 0.07095
431.00000 0.05217
556.00000 0.06356
618.00000 0.04277
307.00000 0.03070
239.00000 0.04789
551.00000 0.04160
503.00000 0.05566
195.00000 0.03022
226.00000 0.02569
531.00000 0.04544
259.00000 0.04822
280.00000 0.02981
421.00000 0.05643
555.00000 0.07554
488.00000 0.08251
225.00000 0.02360
421.00000 0.04706
684.00000 0.05100
314.00000 0.03676
379.00000 0.07338
599.00000 0.07405
451.00000 0.04652
561.00000 0.08438
451.00000 0.07076
476.00000 0.06317
368.00000 0.05114
480.00000 0.06367
558.00000 0.07536
494.00000 0.06050
600.00000 0.05184
555.00000 0.07105
362.00000 0.04237
299.00000 0.04009
473.00000 0.04320
445.00000 0.05087
407.00000 0.07782
461.00000 0.05468
259.00000 0.04822
686.00000 0.02867
345.00000 0.04604
742.00000 0.02520
579.00000 0.04222
572.00000 0.03208
371.00000 0.05686
319.00000 0.04320
673.00000 0.04246
485.00000 0.06245
332.00000 0.06846
258.00000 0.04840
398.00000 0.03949
152.00000 0.06124
332.00000 0.07653
502.00000 0.07321
650.00000 0.08040
604.00000 0.06076
348.00000 0.07547
390.00000 0.03416
621.00000 0.06441
392.00000 0.06977
71.00000 0.05141
265.00000 0.06831
243.00000 0.02742
522.00000 0.03293
514.00000 0.07245
660.00000 0.05328
547.00000 0.06001
496.00000 0.04264
401.00000 0.03488
376.00000 0.04679
415.00000 0.07634
508.00000 0.05110
239.00000 0.04628
445.00000 0.05342
430.00000 0.07169
307.00000 0.03070
485.00000 0.03905
474.00000 0.06835
277.00000 0.04352
376.00000 0.05073
532.00000 0.05036
529.00000 0.07552
494.00000 0.06740
415.00000 0.04358
67.00000 0.02662
252.00000 0.03210
71.00000 0.05141
451.00000 0.05894
68.00000 0.05942
435.00000 0.04098
415.00000 0.06932
337.00000 0.07729
434.00000 0.05813
480.00000 0.06437
420.00000 0.04209
288.00000 0.04757
345.00000 0.04220
574.00000 0.05133
538.00000 0.05527
439.00000 0.06900
508.00000 0.06722
258.00000 0.07147
516.00000 0.04434
490.00000 0.05926
402.00000 0.07281
353.00000 0.07098
415.00000 0.04266
533.00000 0.04253
395.00000 0.05209
503.00000 0.07087
395.00000 0.04741
67.00000 0.02662
386.00000 0.07484
519.00000 0.06743
570.00000 0.06894
411.00000 0.06801
431.00000 0.05573
478.00000 0.07894
500.00000 0.04192
346.00000 0.07283
481.00000 0.04216
563.00000 0.05398
225.00000 0.02360
532.00000 0.05304
283.00000 0.02659
492.00000 0.05117
633.00000 0.05641
72.00000 0.05927
243.00000 0.02742
174.00000 0.02926
527.00000 0.05830
395.00000 0.06220
257.00000 0.04856
222.00000 0.03765
460.00000 0.06442
378.00000 0.05002
382.00000 0.03335
304.00000 0.02809
527.00000 0.05978
439.00000 0.04736
226.00000 0.02569
255.00000 0.04233
284.00000 0.02696
521.00000 0.07358
402.00000 0.04581
414.00000 0.04642
387.00000 0.07684
547.00000 0.04563
496.00000 0.05573
477.00000 0.06657
179.00000 0.09272
243.00000 0.02742
520.00000 0.06026
71.00000 0.05141
511.00000 0.06909
480.00000 0.06778
509.00000 0.06387
412.00000 0.05445
226.00000 0.02624
472.00000 0.07772
449.00000 0.05666
444.00000 0.06378
354.00000 0.04398
372.00000 0.05657
595.00000 0.06491
395.00000 0.06531
482.00000 0.06579
310.00000 0.03532
588.00000 0.07437
68.00000 0.03049
391.00000 0.07561
243.00000 0.02742
86.00000 0.05645
557.00000 0.08002
358.00000 0.08071
465.00000 0.04546
410.00000 0.05320
494.00000 0.05679
412.00000 0.04690
506.00000 0.06927
718.00000 0.04399
477.00000 0.04350
433.00000 0.06283
555.00000 0.05249
619.00000 0.04153
423.00000 0.04017
418.00000 0.05399
558.00000 0.07339
276.00000 0.04216
422.00000 0.07141
403.00000 0.06218
493.00000 0.07312
296.00000 0.03566
500.00000 0.07825
287.00000 0.02718
351.00000 0.06253
498.00000 0.03470
500.00000 0.03837
286.00000 0.05589
350.00000 0.05112
474.00000 0.03477
156.00000 0.06909
264.00000 0.08161
358.00000 0.03773
335.00000 0.07846
439.00000 0.07388
412.00000 0.07129
344.00000 0.07395
522.00000 0.05747
72.00000 0.05364
599.00000 0.04744
67.00000 0.02662
283.00000 0.03035
393.00000 0.05959
314.00000 0.04724
381.00000 0.04420
291.00000 0.05512
322.00000 0.06030
307.00000 0.04493
70.00000 0.05201
369.00000 0.07729
530.00000 0.09271
377.00000 0.04995
395.00000 0.05996
347.00000 0.07741
545.00000 0.06734
539.00000 0.05717
383.00000 0.05409
597.00000 0.06224
559.00000 0.05843
242.00000 0.04429
383.00000 0.05371
323.00000 0.04430
67.00000 0.02662
435.00000 0.06627
342.00000 0.05589
284.00000 0.07406
369.00000 0.04427
247.00000 0.06390
537.00000 0.06656
424.00000 0.05343
67.00000 0.02662
519.00000 0.05467
467.00000 0.06480
479.00000 0.04400
573.00000 0.06980
461.00000 0.04843
426.00000 0.04437
216.00000 0.02699
466.00000 0.06419
383.00000 0.04734
493.00000 0.07742
370.00000 0.06835
397.00000 0.04348
409.00000 0.04337
599.00000 0.03889
591.00000 0.05472
768.00000 0.07169
447.00000 0.07422
306.00000 0.06542
260.00000 0.04396
537.00000 0.05653
438.00000 0.04638
391.00000 0.04197
217.00000 0.07073
514.00000 0.05955
418.00000 0.05291
514.00000 0.05060
349.00000 0.06262
240.00000 0.06334
454.00000 0.03748
526.00000 0.07018
385.00000 0.05209
335.00000 0.07622
389.00000 0.07689
175.00000 0.02941
486.00000 0.05669
621.00000 0.06759
555.00000 0.07032
67.00000 0.02662
475.00000 0.05506
213.00000 0.02867
397.00000 0.06475
430.00000 0.04765
178.00000 0.02675
487.00000 0.07591
498.00000 0.08550
543.00000 0.07863
449.00000 0.06596
254.00000 0.06419
585.00000 0.03659
277.00000 0.04304
419.00000 0.04446
568.00000 0.05148
307.00000 0.04517
489.00000 0.06285
306.00000 0.02677
567.00000 0.07468
432.00000 0.05067
461.00000 0.03773
353.00000 0.03842
409.00000 0.05393
217.00000 0.03080
565.00000 0.06267
305.00000 0.07875
440.00000 0.07399
505.00000 0.06946
533.00000 0.03645
549.00000 0.07186
521.00000 0.04441
240.00000 0.04857
310.00000 0.05031
225.00000 0.02360
450.00000 0.07037
71.00000 0.05141
418.00000 0.04472
305.00000 0.06069
243.00000 0.02742
313.00000 0.05326
71.00000 0.05141
291.00000 0.10405
457.00000 0.03787
477.00000 0.05711
384.00000 0.07122
228.00000 0.02569
391.00000 0.07744
308.00000 0.08191
635.00000 0.06108
255.00000 0.05337
497.00000 0.08549
461.00000 0.06388
344.00000 0.08288
487.00000 0.04854
573.00000 0.04821
463.00000 0.05622
346.00000 0.03728
443.00000 0.04166
566.00000 0.04414
411.00000 0.06728
243.00000 0.04414
509.00000 0.06732
289.00000 0.06770
583.00000 0.06904
380.00000 0.06529
701.00000 0.05330
569.00000 0.05320
506.00000 0.07511
336.00000 0.05481
343.00000 0.08178
442.00000 0.06270
497.00000 0.08386
578.00000 0.06928
393.00000 0.05537
513.00000 0.06456
384.00000 0.05841
419.00000 0.04237
403.00000 0.06459
1011.00000 0.04430
68.00000 0.05740
67.00000 0.02662
549.00000 0.03846
489.00000 0.04787
474.00000 0.07712
178.00000 0.02675
542.00000 0.05929
454.00000 0.03862
456.00000 0.03832
414.00000 0.05355
538.00000 0.09059
318.00000 0.07696
353.00000 0.06915
543.00000 0.04985
406.00000 0.05789
400.00000 0.06118
416.00000 0.06907
71.00000 0.05141
482.00000 0.06402
499.00000 0.07451
508.00000 0.05135
354.00000 0.03950
447.00000 0.06326
815.00000 0.04430
515.00000 0.05597
383.00000 0.05043
247.00000 0.03037
282.00000 0.04731
620.00000 0.05511
224.00000 0.03450
226.00000 0.07697
472.00000 0.03625
385.00000 0.07085
243.00000 0.02742
590.00000 0.06190
497.00000 0.05129
169.00000 0.06438
527.00000 0.06110
658.00000 0.08694
223.00000 0.02315
533.00000 0.06811
210.00000 0.06405
263.00000 0.04794
323.00000 0.04467
482.00000 0.07289
82.00000 0.05574
381.00000 0.04566
298.00000 0.05452
517.00000 0.05761
224.00000 0.03450
471.00000 0.05832
546.00000 0.05845
402.00000 0.05482
561.00000 0.05558
633.00000 0.05605
408.00000 0.06687
324.00000 0.07501
400.00000 0.08180
531.00000 0.08666
479.00000 0.08468
67.00000 0.02662
390.00000 0.03541
247.00000 0.06534
376.00000 0.05281
349.00000 0.05906
355.00000 0.05836
518.00000 0.06968
582.00000 0.06103
421.00000 0.07169
259.00000 0.04822
272.00000 0.06888
593.00000 0.08443
418.00000 0.07881
417.00000 0.05320
328.00000 0.04683
375.00000 0.04457
322.00000 0.04897
681.00000 0.05129
379.00000 0.06113
491.00000 0.07554
207.00000 0.06224
252.00000 0.04500
392.00000 0.07426
308.00000 0.04420
213.00000 0.03331
428.00000 0.06320
395.00000 0.05059
528.00000 0.04729
483.00000 0.05561
485.00000 0.07972
623.00000 0.07864
576.00000 0.04094
123.00000 0.08416
239.00000 0.06099
294.00000 0.09051
518.00000 0.05689
629.00000 0.05035
272.00000 0.05290
527.00000 0.06614
502.00000 0.05166
540.00000 0.07793
67.00000 0.02662
583.00000 0.07934
504.00000 0.06276
436.00000 0.07292
419.00000 0.05627
303.00000 0.05218
300.00000 0.02730
608.00000 0.06487
401.00000 0.05396
226.00000 0.02624
498.00000 0.05170
243.00000 0.02742
480.00000 0.05171
617.00000 0.06267
589.00000 0.07932
477.00000 0.05721
371.00000 0.05023
344.00000 0.07812
277.00000 0.05113
432.00000 0.06708
120.00000 0.08166
316.00000 0.05145
338.00000 0.07349
467.00000 0.08270
430.00000 0.07765
464.00000 0.05092
481.00000 0.07894
216.00000 0.03932
290.00000 0.05942
395.00000 0.05788
266.00000 0.04242
519.00000 0.08256
71.00000 0.05141
599.00000 0.06741
484.00000 0.04903
445.00000 0.06426
450.00000 0.04523
505.00000 0.05857
555.00000 0.06763
623.00000 0.05211
432.00000 0.05925
466.00000 0.08552
408.00000 0.04885
397.00000 0.08859
239.00000 0.07751
526.00000 0.07324
406.00000 0.03745
287.00000 0.02718
359.00000 0.03569
400.00000 0.03533
463.00000 0.05814
174.00000 0.02926
313.00000 0.05140
553.00000 0.06770
517.00000 0.06194
230.00000 0.02550
527.00000 0.08226
307.00000 0.02778
410.00000 0.06322
362.00000 0.04656
562.00000 0.05872
407.00000 0.06923
534.00000 0.06777
341.00000 0.04097
619.00000 0.05548
521.00000 0.04213
316.00000 0.06173
421.00000 0.06317
506.00000 0.05785
468.00000 0.07362
319.00000 0.03816
516.00000 0.07782
436.00000 0.05002
644.00000 0.06053
67.00000 0.02662
597.00000 0.08033
256.00000 0.04271
721.00000 0.05099
304.00000 0.04875
509.00000 0.05525
573.00000 0.06730
374.00000 0.07935
441.00000 0.07160
243.00000 0.02742
429.00000 0.05562
359.00000 0.05505
357.00000 0.07414
595.00000 0.07758
204.00000 0.03794
438.00000 0.05628
439.00000 0.07308
353.00000 0.03523
328.00000 0.05236
443.00000 0.03544
479.00000 0.06493
434.00000 0.08170
359.00000 0.04502
649.00000 0.06599
461.00000 0.03688
425.00000 0.06224
567.00000 0.05137
655.00000 0.07563
497.00000 0.05339
215.00000 0.03204
491.00000 0.04797
485.00000 0.07195
424.00000 0.04259
307.00000 0.04937
517.00000 0.05334
373.00000 0.04512
520.00000 0.07521
469.00000 0.04683
67.00000 0.02662
574.00000 0.06966
633.00000 0.05978
311.00000 0.03821
181.00000 0.02908
471.00000 0.08870
343.00000 0.06160
384.00000 0.06132
310.00000 0.05273
405.00000 0.04194
391.00000 0.07748
408.00000 0.05727
494.00000 0.05078
333.00000 0.06623
512.00000 0.06300
474.00000 0.05745
524.00000 0.06602
560.00000 0.04346
391.00000 0.04442
394.00000 0.04377
373.00000 0.06797
498.00000 0.05545
314.00000 0.05549
378.00000 0.06165
67.00000 0.02662
338.00000 0.05222
254.00000 0.04831
710.00000 0.05456
505.00000 0.06079
566.00000 0.06668
244.00000 0.04431
494.00000 0.06059
67.00000 0.02662
301.00000 0.02924
355.00000 0.06837
509.00000 0.08203
429.00000 0.06398
447.00000 0.06518
396.00000 0.03509
590.00000 0.04689
441.00000 0.04769
401.00000 0.04497
312.00000 0.03720
550.00000 0.06217
418.00000 0.07098
502.00000 0.06514
404.00000 0.05872
552.00000 0.06620
453.00000 0.06605
435.00000 0.04134
227.00000 0.04609
359.00000 0.06562
371.00000 0.07085
226.00000 0.02624
478.00000 0.05681
477.00000 0.06163
388.00000 0.03991
310.00000 0.04547
210.00000 0.03511
516.00000 0.04658
560.00000 0.06507
392.00000 0.07248
574.00000 0.05014
495.00000 0.06458
419.00000 0.05336
449.00000 0.05064
314.00000 0.04501
299.00000 0.05746
288.00000 0.07712
461.00000 0.02902
544.00000 0.07642
543.00000 0.08068
263.00000 0.06615
450.00000 0.03231
407.00000 0.07137
287.00000 0.02718
395.00000 0.03695
362.00000 0.05551
441.00000 0.03784
194.00000 0.08671
478.00000 0.04137
543.00000 0.07490
490.00000 0.04012
325.00000 0.04355
584.00000 0.06130
435.00000 0.06497
428.00000 0.07185
697.00000 0.06365
552.00000 0.07713
425.00000 0.05323
396.00000 0.04199
514.00000 0.05779
510.00000 0.05802
500.00000 0.06037
472.00000 0.04217
281.00000 0.04652
389.00000 0.03989
358.00000 0.06604
461.00000 0.05805
583.00000 0.06650
317.00000 0.03282
546.00000 0.06052
397.00000 0.07395
250.00000 0.06159
224.00000 0.07603
406.00000 0.06204
393.00000 0.07572
563.00000 0.07420
235.00000 0.03175
259.00000 0.04822
477.00000 0.08059
247.00000 0.04488
478.00000 0.05609
509.00000 0.05818
340.00000 0.06123
82.00000 0.05574
466.00000 0.06408
454.00000 0.03813
600.00000 0.06084
274.00000 0.04839
235.00000 0.06049
148.00000 0.05487
484.00000 0.04464
393.00000 0.07459
387.00000 0.04184
357.00000 0.04758
567.00000 0.03348
384.00000 0.08712
419.00000 0.07322
602.00000 0.06387
411.00000 0.06903
324.00000 0.03617
522.00000 0.04682
489.00000 0.05436
303.00000 0.05075
366.00000 0.07221
435.00000 0.04337
339.00000 0.03921
703.00000 0.03689
346.00000 0.03786
504.00000 0.06046
212.00000 0.02545
307.00000 0.03070
408.00000 0.05642
341.00000 0.05242
316.00000 0.03090
528.00000 0.05244
434.00000 0.06979
489.00000 0.05601
392.00000 0.04167
596.00000 0.07806
179.00000 0.02622
300.00000 0.02772
440.00000 0.05659
215.00000 0.02744
393.00000 0.04462
386.00000 0.07807
511.00000 0.06031
328.00000 0.06860
491.00000 0.05633
446.00000 0.06248
68.00000 0.03049
457.00000 0.05329
447.00000 0.03474
463.00000 0.04039
432.00000 0.04471
477.00000 0.06371
329.00000 0.06827
468.00000 0.04067
517.00000 0.04805
801.00000 0.03741
271.00000 0.04155
545.00000 0.05806
506.00000 0.05848
541.00000 0.08117
392.00000 0.04169
243.00000 0.02742
683.00000 0.04463
244.00000 0.04903
444.00000 0.03587
378.00000 0.05404
514.00000 0.05858
450.00000 0.06970
413.00000 0.06167
531.00000 0.06991
71.00000 0.05141
371.00000 0.04381
390.00000 0.05197
629.00000 0.10592
484.00000 0.05869
508.00000 0.05278
504.00000 0.08004
469.00000 0.06118
414.00000 0.07397
325.00000 0.03304
447.00000 0.04504
385.00000 0.03856
467.00000 0.06718
352.00000 0.03045
243.00000 0.02742
308.00000 0.02878
1519.00000 0.00853
1463.00000 0.01174
1353.00000 0.00798
1521.00000 0.02164
1533.00000 0.01175
