101734
101732
101733
101735
101716
101736
101739
52271
101713
101714
101737
101729
52269
101727
101738
101712
52259
101710
101723
103368
52276
101717
101718
101726
52267
52277
52275
101725
101715
52256
52263
101719
52258
52257
52268
52265
52273
52260
52262
52261
101724
52264
52266
101721
103370
103369
101722
101753
101747
101730
52255
103371
103372
101711
101728
101757
101731
101742
101752
101720
52272
101745
101740
101741
101748
101749
101746
101755
101756
101754
101709
101762
101761
101764
101760
101758
101763
101759
101744
101743
101751
101750
52274
52270
52282
101707
52281
10522
101708
52280
52283
52284
52285
103366
103367
52278
52279
52288
52289
52286
52287
