515 7811 2053 1669 7559 2437 651 781 9101 6033 6546 8861 671 3873 3749 9894 9642 3244 8877 6836 8118 2615 4410 
7952 5905 2961 4369 6294 3480 3610 5917 1309 2975 288 8482 5283 7459 3621 175 4660 3893 323 3781 9163 5480 
7594 565 5046 9399 9527 3897 3643 8636 3777 7878 2374 2248 6345 9930 717 5326 7631 7510 3031 8409 3161 3417 3806 2400 4193 9059 7781 9446 106 1518 8688 2931 2555 6528 
8199 8336 9621 7701 6167 5273 26 6812 6941 173 8494 1842 8370 3001 2876 5438 2887 9546 1999 3796 1236 7641 5853 
769 7689 266 8843 9875 5531 8220 4277 3381 6327 7868 2494 7999 3140 4805 8903 8659 2771 979 7380 4435 7128 8794 2395 1626 5213 6365 3678 347 2785 4835 99 8931 8678 4582 2668 9709 2925 3440 7157 1787 
5379 2182 652 6811 6428 3997 1437 5023 6433 1442 6307 6692 2085 7847 3112 554 9132 7469 1198 4018 7607 6460 2881 5186 3394 7620 1475 3655 968 8015 1360 4304 3030 3671 6871 90 5343 7267 5860 8294 3946 1131 4332 8557 9451 7787 6258 9078 
1034 6159 4496 530 7954 8852 5525 7447 1047 4505 4764 7714 8228 1963 2989 5042 436 9782 3002 7231 66 7775 
9857 7558 4098 7053 8845 1551 4370 2579 3354 3865 6682 1823 7971 6708 6464 4289 6469 970 3918 9682 7506 7125 3287 5208 1752 5980 1885 3934 352 5348 4069 4838 4328 4969 8427 5741 1517 9460 7924 246 6392 7673 2683 7676 8829 
3973 3600 4498 3350 7065 2715 8988 1187 2384 9555 5588 5974 7515 5724 4189 5088 7648 5347 5353 7151 6769 7165 4094 7167 
9235 2068 7070 1447 6696 6184 4647 8747 7981 6960 9776 9010 3635 9396 4274 8115 3507 8376 8498 8755 6588 9148 5309 8124 5820 961 9027 8644 2505 4427 2892 8142 4816 2898 8915 3931 7004 6876 8413 225 5602 5605 3692 6382 2926 1269 759 9208 5627 3069 
7428 5509 8582 6161 4500 7319 9880 4250 2077 4131 9635 6182 1960 1066 2858 1194 9392 9651 5178 6773 8952 6905 4990 6783 
8847 4756 1949 3492 53 3767 9145 9402 4025 1340 7871 4930 2893 8141 7649 3168 8167 6507 6251 114 3451 5375 
7427 6278 5382 5513 7699 6165 7063 2457 9774 7343 1840 9902 7733 6842 5184 9539 4550 198 9675 2764 5586 345 222 995 2660 997 7268 3303 8808 231 8171 8940 7277 1646 1520 626 
3078 3207 3472 5781 4122 669 2851 2600 9386 9259 2093 6322 9908 2869 7990 3193 9154 8262 336 5204 3668 5219 8298 
520 4620 5645 6156 3345 1302 8344 9624 8730 284 426 5559 9276 3516 8892 8509 3900 3785 727 1242 6397 
8966 3465 1291 6030 5648 7703 9641 7082 6976 7245 1615 8655 9937 4945 4941 8908 7129 9306 7386 6873 4578 611 9958 361 9334 1024 
8456 1033 3466 9228 5388 8589 4625 7717 9258 9135 7984 5303 7503 5094 4975 4085 4858 5372 127 896 
1666 771 5253 2311 1931 5004 3724 268 9876 8085 9241 9116 2846 5022 6176 8100 7080 427 6188 457 4171 7020 749 7026 6132 3832 4346 2176 
7445 534 8857 3098 414 9632 8737 161 8736 2596 8614 2731 9649 6324 5814 2491 4155 7357 448 9926 9419 5857 3045 8424 
4489 4106 7946 140 6796 7054 5647 7572 5409 6442 7471 2273 7522 1251 8036 8549 8042 7680 492 9839 6643 3446 1401 8187 7164 8576 
9093 7305 9098 6797 654 2063 3088 5907 2325 2844 7324 3615 5410 1701 171 556 1838 7991 60 2247 5224 5225 2410 6636 2412 8432 3187 
9740 783 6032 6810 8090 796 6816 4001 7975 2601 2474 2732 8121 2490 67 8004 1478 724 8414 8547 9842 7548 
7303 8328 3337 8844 2702 4239 401 8210 1944 2977 9249 1832 4269 9391 3247 1081 6207 8515 2375 3146 4687 335 
2841 2075 3867 2205 3358 5791 7966 6051 9637 4133 2599 940 6956 6958 4783 3504 8625 3506 5937 9652 9272 8762 9018 5570 1986 8900 7237 3653 9031 2498 3919 4176 4306 6359 2393 601 7389 993 6114 5221 2022 8165 616 2284 2414 8944 7664 2417 7926 6781 
3715 2697 1416 3336 5776 5528 5668 7075 3623 7848 9645 9262 2222 47 8242 949 4406 2106 1339 8513 9155 3909 6341 5061 581 4937 3024 596 2645 8789 212 5089 7142 9577 3953 9851 764 9469 8959 
6276 9227 8204 5517 4492 4750 8723 2967 6427 801 8226 7841 1697 7713 2344 1450 4778 682 8001 5729 8175 
5636 6026 3978 3597 273 5013 3230 935 3368 9269 1984 1473 9544 5833 4809 7759 3412 9303 5463 6748 7519 7647 8674 741 2406 1256 1129 3053 3438 7405 1396 886 8310 4608 
7188 7957 2714 4252 4382 3619 8996 7589 2216 4008 3500 5165 2864 1329 3632 2998 3899 576 4183 6361 9440 5869 6897 
9992 1044 7444 7189 5143 5657 4253 5662 5281 1570 1185 2598 300 9522 9910 8503 1085 3799 107 9330 
6921 3734 1176 8987 1057 4773 5417 8369 3252 3514 7869 5949 9662 704 4542 2634 720 1878 9942 2018 3427 1920 
4867 9095 2314 5392 419 2220 4140 7855 9263 6445 8492 7731 4148 8884 2870 6197 1848 6271 8765 6855 9287 8263 2123 3536 209 7636 1893 2534 6503 3435 1387 1773 1398 1786 3709 2302 6399 6400 
2433 9092 1808 7192 9630 3885 6584 2110 837 3015 9035 5195 973 1998 9426 3285 9814 5849 3162 5216 6882 9699 6756 5989 6124 6126 1776 9464 7547 
1798 7565 791 4633 9371 7072 7840 1189 7742 2622 7230 1089 5442 6081 6980 7494 5831 9670 4939 2641 5074 6101 4182 6617 4186 1760 4066 3938 7780 4586 1003 7660 7538 6644 6138 4476 
2179 8066 8325 1419 9743 917 1558 1045 8599 665 8860 2081 545 1441 9633 1959 8114 5811 1080 1215 2753 9674 4431 7254 3042 9317 1265 
3202 4 7816 4875 705 7234 5828 3911 3272 4554 7242 8267 7756 5967 9941 4312 3038 8160 3174 742 9838 
6154 6670 271 7704 5278 9764 5031 1193 5680 7986 9811 4949 8275 7804 8412 1500 2655 6237 4577 226 2659 739 6493 746 9846 1143 5116 3453 1662 9856 
3592 7 3468 9485 908 4623 6673 8212 3095 3864 25 7579 9758 6822 7595 6318 8623 1712 6709 6337 9288 
5506 7715 6180 2089 8626 3903 2236 8259 6339 5701 3652 840 2127 5072 5970 9427 9044 3292 3677 9566 6883 1765 4711 9066 6379 7918 8052 3448 1657 3066 3581 4991 
4733 5890 1794 5764 3717 8965 1801 4749 8335 1040 149 541 7068 1698 5809 1075 2997 5446 7751 2657 8930 4218 9959 5486 1903 8690 371 5363 8053 6901 6517 7290 8701 
9864 8714 9617 1424 6315 7851 1453 5038 3375 8367 3378 7474 5684 6966 1083 6078 320 5700 5199 9680 5073 4563 8790 599 3545 8667 1117 3041 1122 357 360 6249 3561 5356 5357 5489 756 373 1528 4601 3324 8192 
4738 7173 4367 4893 5172 6068 3253 3258 4541 9665 7618 8899 6852 1222 5063 7880 6479 976 3409 6751 2015 4192 354 7136 7012 6119 7025 9844 5748 7542 3189 3577 8958 
7301 5391 4650 3884 9898 4270 815 7985 6706 5681 8500 8241 3895 4536 6200 2363 3008 5056 7876 4166 3783 5575 7241 7111 4040 7374 1486 7375 4561 8785 9172 1238 9432 7770 7139 7655 9320 3305 8044 4716 1391 4598 5752 
1155 900 134 1051 5539 5288 7720 2217 8237 2990 5421 9520 4653 5677 6837 8631 5049 3386 2495 9663 7233 6084 3527 5192 1608 7623 6605 4174 6991 4432 2125 79 3288 2396 860 2270 4959 8030 865 8034 9194 234 5485 9714 8948 1910 3323 4732 2559 
6160 4241 2322 9111 5527 3994 6047 5664 2082 8499 3511 441 7098 4672 5703 206 9940 6616 3327 1639 
7178 2191 3868 1694 9375 4384 1567 8868 2981 8870 5035 8621 3120 1844 2999 1847 9274 5436 1982 5567 3647 4034 3142 6089 2767 8151 5464 3674 5854 8676 8933 5095 7018 2539 2154 9329 6776 4345 6394 
5766 648 9609 2189 9486 5399 408 9625 5676 2352 5943 4168 2888 462 1114 3175 9707 8434 8051 5747 7037 9087 7296 
9729 6274 4868 391 264 8712 9354 138 8072 2054 6801 3217 8463 3991 4631 6298 5297 7480 7097 3000 5564 8125 9278 3773 191 6780 8002 2754 7492 1220 6601 8916 6741 85 1111 5725 7262 1889 3300 6501 365 1782 377 4347 1532 7552 
7683 4099 5126 903 1802 1806 8591 7310 3475 6441 2987 2744 4666 4928 6596 8393 3916 9178 1378 355 5609 6640 1905 4721 5107 8063 3072 
7297 6018 2177 3334 4360 2444 2829 6542 8078 3983 1046 9627 4644 2484 6593 103 4714 7543 9722 7931 
7175 9096 5006 8079 5646 657 2194 8209 4377 8097 675 7461 807 4782 6070 5435 1214 580 4822 7013 
5892 2181 4103 9099 9104 7313 7828 5145 6426 286 690 4151 826 7226 5695 5959 4953 9823 2914 7397 3558 1512 4844 4845 753 7282 7541 8949 
3463 9225 8719 2575 5148 4257 2083 9925 3399 3402 5835 2763 1618 2643 595 9817 7642 7656 7528 1779 9462 6270 
3074 7042 6661 3209 4754 6677 2198 6168 8729 8600 4509 7205 4906 7727 4294 2631 4170 8276 1501 93 1887 2912 8544 7395 1253 9830 2294 3831 6009 8827 4221 
2440 2568 1418 1682 1171 7571 6296 1435 9756 6684 1438 8604 8481 3362 3877 1962 5039 49 7349 312 1470 3274 459 5842 4043 499 3060 2809 5882 8447 7936 
1795 7172 2694 4104 5130 7308 6290 9620 1943 9247 4401 5940 9415 9032 5962 3404 9550 5839 6736 8791 5335 350 7904 6629 7782 5606 8168 1514 1261 7663 2804 4727 5753 4603 6525 255 
7937 787 8725 6423 7449 9504 3233 1059 4139 9899 9004 6190 6832 5687 696 6329 442 3127 9789 5327 8797 6631 
4355 9593 389 6281 6413 4108 4755 1180 5667 1704 2092 8239 2616 2873 3267 3793 218 3034 1503 5214 6107 1000 6638 6771 3705 4987 1148 3837 
1926 9735 7177 6412 9086 3858 4499 6547 150 1303 9368 279 6551 2206 160 8610 6052 939 9008 9411 4292 3910 4553 2500 1745 5994 
1050 9500 2210 9379 4130 8354 295 8616 3625 5933 4144 6320 181 8633 316 7228 6975 3648 1610 9034 8660 6374 9711 1522 
9733 1170 9363 2574 4882 7830 6554 4261 299 3886 4540 7497 6356 7508 4693 7511 2520 2649 217 6236 6364 3932 1631 6880 3298 1124 3430 2662 5737 5483 4589 2285 6387 6772 2292 2038 4982 5113 2426 
9602 8588 8742 4266 5805 3758 8879 8751 2224 5556 5429 824 9664 8385 3649 3266 8132 6085 5191 2378 6475 5323 7632 1874 4438 4827 5601 8040 3049 7149 5104 9333 8571 9084 5886 
3075 8581 775 4743 1160 5902 6799 9110 3998 673 548 7465 1456 4539 7741 486 8937 5482 7529 8814 3566 2672 1135 8950 1784 6649 5117 3455 
5252 5518 1038 9872 6674 531 5010 405 3737 4507 1691 5149 3487 4899 3627 685 687 6452 8379 4165 2126 1361 
8705 2180 9612 6669 4748 4243 2838 1328 2609 2896 4688 5458 1872 8532 3157 8279 984 7768 3165 3681 9444 5735 5479 3819 2286 5231 3952 5745 8830 2815 
3969 9473 9233 2454 6549 7574 3349 8606 5812 6196 960 9538 1861 8904 7113 2509 6737 3795 7512 5211 604 9441 8417 7777 9829 8425 4713 3177 4718 8441 637 
7682 9734 3977 2572 3850 3726 5658 2076 3745 3494 5444 5960 7881 1482 3280 6609 8018 4690 2517 2650 6620 7773 1372 2911 3428 9445 1125 9450 8556 6256 6902 5622 6134 4729 5754 9980 7294 
785 9491 1172 2710 535 3735 4249 5018 5019 6813 9759 1951 1058 9763 5285 552 8617 9647 3121 1715 3637 1206 4407 567 5816 1211 8510 5183 7743 5958 8391 9801 9804 9166 2254 9683 3543 9434 1628 3809 5090 6378 6764 6252 6894 241 9841 2807 7546 5118 
2202 9501 5536 3618 9640 4265 8490 3114 5936 1713 3122 828 7368 9805 974 4441 4581 1642 8062 370 
8979 3242 6059 6193 5938 827 8507 965 453 585 5838 3028 3158 472 3930 7388 7524 9061 8302 6384 3580 
1687 3608 2456 8221 8989 7458 803 2751 5952 831 4290 3395 6468 2626 1221 1088 8388 2377 842 7115 4434 980 855 3800 6360 9816 9180 2268 1247 254 5092 2278 7530 4330 1644 1650 6005 126 1402 1915 3836 2239 6014 
2561 2818 5251 9345 6150 7430 6286 9622 152 2976 4648 180 7750 8775 9565 1891 7015 9705 1770 1641 5866 1647 4084 4215 890 
2948 1816 9120 8096 5541 4136 8618 4662 6586 571 3389 9280 321 8395 4045 205 5581 1748 985 6234 6244 5744 7156 
9220 776 521 4619 7180 8978 7836 8990 2465 9254 423 2476 3502 2226 7989 2488 4934 3418 2928 4594 7285 5115 
6146 2184 5643 7179 6288 539 6685 6557 7339 6574 7224 5584 4947 868 2661 1637 1894 7016 2281 4846 1519 497 4731 7674 5883 9852 8189 1535 
8449 2959 2720 5290 9257 8740 1577 5294 6447 6063 4143 9394 7859 1204 8247 6328 7479 8506 6461 1469 7362 9029 2504 8138 4303 7761 1239 9946 3550 1900 6509 9199 4080 755 5751 4860 894 
5261 1678 8464 3482 667 9890 3505 4019 5707 8268 203 7630 9678 80 1108 4439 1624 88 6108 6622 2401 8289 8803 9704 3181 9582 7022 9837 5746 9204 4213 3959 9463 6522 8318 
8068 8842 4246 6819 582 70 4296 9301 3160 2904 4955 988 4315 9056 5858 2918 5350 7273 8045 8430 2415 
1287 5768 6537 784 3093 7203 7974 701 2878 1110 5336 1755 4060 2524 8542 9314 2403 5736 2793 8810 7147 7019 4076 3050 7410 5106 242 6518 3319 5370 1019 
3975 5512 1671 6793 2828 788 6036 6678 5271 1685 1178 2462 4386 9250 6308 9382 1591 4419 5721 3546 2790 3690 5611 9200 8825 8316 
4865 1027 4996 6275 9 2958 5393 659 536 2980 5158 8878 4405 1337 8140 4843 2413 9202 1908 9207 253 
8073 1932 1036 3470 7056 147 4883 3862 1822 9503 1182 804 8104 306 1971 4917 182 9020 1472 6470 9416 7625 328 7769 96 7394 
1412 6919 522 7823 4368 6041 2330 6303 3105 7077 2862 3380 183 1983 6854 8056 9570 6242 3426 6757 487 4199 3817 7281 3441 2679 1912 7163 
1537 267 1289 5906 4627 6932 7573 156 159 9506 4652 5815 6716 4798 6594 1491 2002 2774 4570 6752 8546 2533 7399 6890 2421 9718 1016 3065 8954 4220 2557 5248 
7687 5260 7695 8342 7831 800 8364 4657 1480 5065 6989 9294 9167 4049 7251 9433 3801 4057 7772 9055 7264 740 8295 7657 5226 8428 1007 9713 2677 5110 3575 3067 6655 
2571 7060 5796 5931 4655 4402 9650 52 1598 2372 1996 333 9042 468 891 2391 9686 4053 5722 479 4463 
4614 4109 3215 7443 2711 9882 2334 30 3366 2984 8361 3376 6704 1333 6582 57 1761 5991 8554 2411 1652 9847 7929 8061 
129 8833 4097 6153 2704 540 4255 6558 560 1212 9920 4036 9540 4552 4681 4683 7757 7889 7633 8536 5209 7771 4062 6498 9956 7908 6377 875 877 249 4730 
2441 9100 155 1819 4659 443 1354 7499 1357 1230 2895 8911 211 5076 2646 1495 8792 2522 5339 5340 3039 3559 3944 3560 9581 1008 6516 8696 506 4861 9854 7551 
1793 3462 6417 7185 5141 5918 4393 3132 4418 2370 3268 578 9927 6343 7291 7116 5965 6734 3278 1997 8398 2638 8926 1511 7915 6380 1901 1005 6128 2547 4090 7419 5632 
258 6148 6023 3464 3849 2594 3113 1584 3513 4026 318 7746 8772 5189 1092 1744 1113 8793 1374 8548 6246 8296 9070 8945 5618 6520 4348 4736 
9103 4112 8976 6166 2968 537 9376 2209 8485 7718 4774 3367 1065 425 557 7470 6321 1336 8129 2507 8013 6860 5995 4096 
9721 519 3224 1070 7472 7730 5044 4916 7734 3636 439 4537 6589 8637 1342 6590 577 4804 709 7366 3398 9929 3786 2379 4818 8787 4052 7383 8281 3802 7899 5081 1118 8031 3937 3553 1123 612 9576 8046 5617 8946 501 5240 1017 9467 4605 8190 9599 
3861 6293 3227 6942 5407 8224 8862 4254 3491 4638 7333 9510 4649 5806 9011 2611 2229 7222 708 6983 1353 7369 7121 5202 3667 4821 3289 7002 2908 4579 2663 9065 7146 6506 2543 5879 7677 
8222 4768 6688 418 6178 6820 2341 9125 1575 5929 7849 9003 7978 1067 3246 3248 2101 7094 6201 2362 6086 1866 8784 9043 8411 7525 7398 
6020 9224 8840 3728 4879 143 8851 8081 1431 3479 6552 8218 1563 1562 6048 2208 9271 1208 5179 1597 9160 3533 1660 2047 
5377 4866 4486 8969 399 3348 7191 7198 6560 7719 3111 8645 841 6990 8404 9047 2521 2139 859 6238 95 7776 1509 6887 488 745 8689 2930 6645 1142 7669 5498 3452 7423 4864 
265 7309 6034 7058 6693 5798 3495 4391 1834 1196 3633 3512 7736 568 3131 4795 5817 7360 7745 4162 2371 3010 3012 4033 1991 9800 3915 3151 9681 7379 598 5473 9961 620 7920 3954 7027 1523 7415 3576 3449 7292 5503 
7698 9746 5663 4388 5028 5287 1064 3750 39 8489 1964 9901 4661 8122 8133 1992 6222 469 8280 2262 6497 2670 9335 
6019 4232 906 9357 7314 3731 4115 9631 4912 4794 1348 7628 1250 613 1386 368 4209 2549 3318 2429 
7169 6935 8601 543 1439 3486 2723 8995 1957 3622 9765 6824 1576 2604 4152 3129 6074 6847 5311 5834 587 8396 5712 9169 1105 5971 3929 7260 6241 4455 8683 3308 9453 1778 9079 2298 
1922 8841 3353 4765 948 2361 8639 6992 8913 5457 338 4694 8919 7000 4440 9562 216 4445 3679 6113 2146 8805 998 2288 9459 2806 118 5368 
9859 6155 8595 5266 4632 4651 428 6571 8876 3889 9266 5425 9012 1077 1975 2365 202 9291 4300 5964 4814 3022 5843 5715 3797 725 8663 2387 5337 1622 3159 6494 9310 5599 7646 9698 5734 4327 3567 9074 7283 5109 6140 3454 
2192 1432 1820 2345 5802 4015 4914 563 8244 8757 9780 7992 2237 6974 8894 6079 1346 1860 4932 2630 1483 3277 7038 722 6484 9943 9053 5859 6628 4965 2919 1257 8815 4979 4340 5491 6007 2430 
392 4876 6927 8971 20 3992 7323 3612 9117 3741 6939 3875 6310 7213 1457 4020 5813 9014 1335 8630 7865 1210 8634 5053 7619 7371 5604 
2439 1031 4235 7436 2952 141 7055 2187 8465 6035 7325 798 6432 9378 3879 1195 9264 5170 4870 2996 7861 3894 9140 3898 3771 6076 1985 5825 3393 1350 3017 2642 2773 8277 6614 2777 3935 6369 4834 5603 2923 2030 5239 2938 2811 380 9213 638 
2819 8451 8710 2822 9094 6794 779 9626 2331 157 7709 9512 5545 305 818 440 4802 4724 4596 8704 
5254 3216 5919 926 4894 5151 6823 5801 2346 5675 9772 2986 7726 5171 1590 4415 4288 9285 5062 3926 5600 9443 6500 8813 2159 6512 9457 3058 1267 6261 3198 5887 
5769 269 8341 8854 5275 5029 9128 4013 9551 7504 1234 850 4569 9689 607 4576 4324 873 3052 6639 5488 9076 5236 6650 5885 9470 6911 
1292 397 7951 7824 1041 400 5009 3476 2708 5656 9754 5276 413 7588 6437 9508 6699 8493 6964 4030 8640 8641 972 9296 3433 3071 
901 9736 9359 2197 5274 695 9401 7866 7227 1209 7481 6723 7236 3269 69 329 5708 597 7896 7257 6235 1507 5732 227 6630 4070 5608 2407 3046 8939 7287 8574 
5383 3478 5142 1304 3097 3738 9377 5027 2725 4389 550 6449 1587 7987 945 2872 1722 1852 5317 454 1107 9945 5850 2523 3425 8807 
3843 4742 6407 1800 6284 1421 2062 1679 5650 9236 8472 8484 936 297 9129 3382 185 8128 1735 728 7912 9452 5367 1145 5626 3968 
778 21 9495 4889 4772 1702 9895 6963 7993 9279 8647 4560 9297 5841 4179 7893 3675 4317 2141 221 6627 7783 8935 3048 1132 9971 4856 7162 9341 1279 
3614 8607 3359 6561 6305 2847 4387 2855 7208 7721 9127 1202 8372 7478 2743 3003 195 324 1614 1369 9182 
7425 9741 1164 1297 2835 8473 8602 4004 5286 3243 5298 9777 3509 208 8920 1881 862 6110 609 6625 9191 1384 2023 2538 6763 2162 2035 2682 2171 1276 8317 
261 5381 6536 9482 396 3598 3094 1308 3869 8352 8368 954 8014 4046 848 464 1747 1364 5973 5975 2906 7518 7392 6116 8806 4583 2664 2025 1258 8822 7801 
7429 7435 1165 6929 4635 7341 8622 6701 9648 5552 8371 7606 7352 2748 3901 447 6465 2242 8771 1732 8389 4037 1477 451 2755 7243 9677 4178 5334 2010 1754 5726 4584 1643 4203 4205 7534 237 1015 7034 
4111 929 6434 808 7085 4526 9268 9781 830 5314 7235 9812 6745 8796 606 9695 358 9712 8820 6907 4223 
7819 2061 8206 6671 1296 1425 5772 3091 1427 6037 2965 2453 2584 3736 3483 1564 32 6946 8353 7207 5415 4135 2350 2109 3902 9919 7270 
2951 8223 5025 3110 41 1961 6319 8497 2610 1974 7735 7738 7739 5947 6848 5574 5320 8009 1867 8909 9173 6491 5852 1383 3047 7914 7786 6125 6383 9968 2161 9458 4338 2546 1393 4854 
2305 9604 8460 5131 7051 8109 9138 9395 4790 1719 8249 1082 4412 7613 4414 4671 958 2108 6598 199 3912 9545 3534 6865 3666 849 81 7507 1497 1498 8415 3812 1895 3562 9068 109 6895 8433 5873 9972 9975 2808 375 8951 6912 
2565 9990 9738 512 8333 3214 3856 4242 7195 5537 8229 7846 5797 9519 2233 9021 8514 1788 4477 5120 
1921 4354 4226 9996 5519 9489 5268 532 1940 8728 5913 7578 4258 48 9142 3136 9794 7006 7029 3701 4478 
1539 3972 902 8201 5642 8984 4240 145 1814 8089 3611 5790 4003 6955 1708 9518 7093 6713 3009 4316 5855 9313 353 8675 3302 7659 5362 4217 
3586 7941 5133 3871 3238 8362 3756 5547 3753 3503 8745 3241 2985 6069 8373 1334 3510 2485 5948 4926 7614 9025 193 2245 7495 6984 2249 7624 2506 5580 8526 3920 9684 7256 1240 4443 348 2909 1246 4962 5099 2798 2542 628 5878 8697 9594 3965 
3842 643 2820 2950 9606 8583 2709 1941 7581 7838 2973 8609 34 9123 4400 7483 9661 6982 5066 8780 8936 9325 7021 4333 4469 8438 3192 1789 2686 
1540 8837 3723 5904 9488 1553 4244 2071 5788 5162 5694 4927 9922 5829 9030 2501 6985 3148 1740 8657 2258 8788 86 6487 600 3542 9309 7014 5739 9967 5234 5365 7802 4479 
3851 139 9870 1934 8208 3985 1690 542 9634 4137 8374 4800 6758 617 4590 5359 7152 6260 6133 8181 121 2427 4988 9853 
1153 3206 9737 5785 1316 677 8488 9000 172 7600 5939 4667 2752 4803 3662 6225 3794 7762 3163 8818 1909 
7299 1158 8071 2954 5516 5523 2836 4117 282 1310 6562 6050 8231 7473 6834 5941 9143 4665 2107 2111 8184 4474 124 1661 5376 
1797 3467 1295 1167 4753 7318 3607 3996 809 8748 2733 4910 2230 2232 6206 579 8392 6607 2390 4083 2675 1272 4986 2941 
9351 3208 3593 5515 2446 2576 1681 7569 9619 4760 9750 415 9892 9513 4396 5174 7864 955 7101 3133 9535 5316 2884 5590 4194 1763 
8065 7298 2436 3596 5005 1813 6934 9752 920 4506 8219 3228 9242 3742 6945 1443 1705 9643 6575 2865 953 2369 8769 5966 9342 9472 
3086 4503 8343 24 2972 2589 6053 933 9256 9773 4142 1452 561 4786 8761 8891 966 1099 5992 2933 
3081 3117 6458 8635 9404 6334 1471 5059 9542 1096 5321 7754 1993 8521 2891 2637 8527 3656 3025 6229 5082 3164 2140 733 1759 9448 4970 7531 618 9584 2673 4208 2803 3194 4091 6143 
135 649 7947 6795 148 4502 6809 5401 7586 3115 1197 8365 6965 9785 2747 2368 5568 9796 7148 1774 1134 240 9982 
2183 2313 1429 3222 794 2458 2588 925 2079 5535 7967 6055 7976 5033 3628 4780 2735 438 3257 5434 2618 8764 4029 3521 2499 7110 6092 1228 2383 1362 4311 9819 1632 480 8292 362 3565 1775 1521 625 3572 245 7671 762 765 
1281 2563 8974 797 2078 3240 559 2608 7087 8112 307 1846 3135 2122 465 343 2905 1115 7137 9963 4461 
5121 1282 6916 9478 5639 8839 5269 3872 6179 6306 5560 6202 6457 2235 6462 3262 3271 2761 9418 4815 7764 5206 5865 5229 8176 2293 1020 
5893 262 1162 9234 3347 7460 3365 5546 4146 8767 7616 5577 9934 6735 6486 2134 9050 3548 4198 4331 8684 8685 8301 4974 1259 7928 633 5119 3456 
2817 132 4102 8461 2065 151 9881 5683 4787 2119 8777 3275 4940 7501 3790 5585 84 6485 8023 9944 5338 1116 3037 478 6754 3429 7143 7272 3178 4971 2924 6891 7153 8308 8821 4216 8188 
4871 8585 4880 4113 9623 8981 5270 3629 8496 5685 8887 5692 4159 5954 9156 9799 3663 9168 82 5461 470 6744 7001 4314 2142 991 2017 9058 3554 4196 9957 5862 6632 8811 491 3183 4592 3697 7666 1525 
2945 1668 5895 2953 4362 3341 5780 7446 7834 4642 1956 3493 5416 3497 304 6597 8518 8134 4551 3400 8264 6731 4677 7118 5583 852 2265 4826 8924 3422 4448 3680 3557 6118 7404 3180 2289 6135 3447 5884 1790 8960 
4234 3857 2324 4118 9896 5420 9644 1199 7728 8111 1970 2742 1463 3254 2103 4922 8123 8256 2627 7493 710 4682 7755 9036 7373 460 9295 4692 3156 4436 2392 2781 4450 743 5743 4337 3698 5619 3700 7675 4092 
5378 6532 6280 9097 6411 8331 525 8590 4495 7059 9108 9238 1817 412 1311 8749 176 1344 2758 4602 5243 5629 4095 
6790 3848 2832 6164 4888 7963 7580 7711 2849 7074 1958 5154 9384 2467 5293 6453 1592 1219 6093 2516 5333 4309 6362 7516 5597 1886 5856 9312 3684 4708 6502 8164 6248 2024 4075 8429 3695 3316 7284 4980 2301 1150 
7045 4101 6535 4617 9742 4881 2713 1693 5932 9390 7732 2745 4543 7011 5223 2408 7789 7662 8304 3313 4978 3696 761 6774 2423 3961 1404 7166 
6789 3205 9481 5777 658 3223 9369 1946 7066 8479 2593 5282 7329 5036 1504 8166 7526 9702 9321 1013 1654 9338 7805 7679 
4504 4994 8983 4247 3609 6553 934 6697 9383 8106 8230 5935 3626 9906 1331 4792 7486 5698 7363 9928 200 8522 2255 1616 6104 4825 4059 734 4320 9825 4329 7658 7917 9840 7667 3188 5750 887 8186 2812 640 
6529 4225 3846 3079 6663 4501 3357 7336 553 1068 1582 8495 686 5554 5428 5818 4157 9917 575 2243 9671 1612 463 1743 2129 7637 4950 8155 1627 5863 2282 2667 5360 1011 7412 763 6012 7933 8702 3583 
1157 4746 5649 6802 6163 3220 700 4042 7883 6733 5198 1231 1101 8271 7634 3535 2518 1241 1883 220 8288 866 9701 8039 6120 2666 7916 2157 3182 8559 2290 7795 5364 2295 508 5757 
9730 390 8 275 19 22 7321 7197 9290 1232 5330 1502 9183 7403 747 6892 8558 5230 3950 6131 6388 6390 251 2813 9984 
4737 1146 3204 6534 9355 3852 529 5272 8351 1699 6435 3363 6712 9790 5182 8646 483 996 3814 5999 6519 6136 3834 8699 9596 767 
4100 9477 8069 136 5514 4752 6675 3604 4248 3485 3765 9788 7997 702 1727 2246 3020 719 7760 4048 8914 6995 2260 7384 1753 857 3291 4446 4318 9057 8673 5093 9831 5097 9706 1771 4204 9324 105 1130 5490 8695 7293 1280 
4611 5896 4371 547 9252 1322 7083 5419 9007 1072 2738 6581 8760 4283 9147 5052 9406 9787 8896 5702 7622 6606 1102 337 2012 8802 4580 9062 5352 6514 757 1526 248 9723 
1667 899 8324 7686 3335 4616 9863 4490 8972 9869 7182 7439 656 8593 662 9372 8101 6695 2347 3119 3256 3006 4437 1397 7159 2039 5500 7549 
3585 3588 4231 9353 3342 17 5651 6555 9888 6304 6198 9023 3396 7367 4936 5705 586 6993 7249 6492 8158 8543 9442 8812 2797 2033 369 243 7158 4983 6646 7417 8957 768 
9739 2956 910 3599 7184 9618 1554 3605 1559 5910 1305 6044 5404 7071 1056 5291 9133 1326 5424 4531 9915 4285 2250 473 2397 3805 3423 4851 
770 6915 7810 9865 4105 7561 4263 4777 6058 4016 7356 2877 4291 9802 2635 4689 3924 2775 8026 6115 4966 7274 3827 8823 8570 4859 9212 
9476 4366 15 4758 2845 31 2978 9897 5562 315 6330 1978 833 962 8770 5956 6213 6214 1479 4424 3270 844 846 718 9554 5075 6610 3923 1751 6875 2651 8670 2275 8679 8809 6004 9973 7160 9468 
1541 6792 7049 2825 8715 9871 528 8350 7839 2469 1460 694 4791 3768 5177 5432 5302 3005 9918 6077 2496 2625 8897 3651 2628 1609 8652 6349 721 4946 3155 7122 6097 6872 5592 5851 4958 8798 9315 8551 7154 7286 3704 9598 
6664 3720 2315 5264 3748 6054 6183 9387 7853 689 3515 5437 62 5055 7488 9409 6978 706 2114 2885 4041 7120 5845 9045 5846 7422 990 610 9316 485 6247 1645 7539 5369 6782 
385 4227 8067 5001 6666 3481 5026 9891 8486 166 4264 2857 6314 1325 1837 6192 4784 2098 7603 8501 8248 4281 8508 9534 3141 327 6472 330 3660 9549 7247 7248 8402 5462 5847 1623 5848 1245 9188 4710 3306 2799 5874 
8961 6022 8586 912 9878 1054 1444 6700 707 9798 1224 5194 6730 5069 8529 7252 7509 7638 6489 8668 4188 8032 8162 1506 872 5358 4977 3708 3070 
7176 5002 395 8722 1938 6422 1278 3740 6948 810 691 6611 723 6999 7127 8800 2416 6129 2800 8562 8313 6141 4606 
4481 7307 1547 6283 1179 1952 8734 416 2215 7210 5674 683 1709 3887 6578 1458 314 4028 7485 6977 196 3397 8773 1351 839 8260 1226 8016 7376 5718 87 8921 4572 6749 7263 4841 6253 9198 7792 1907 5492 504 3450 6908 381 
2 1285 1670 6 9745 3730 3219 2452 2707 8338 7587 8357 9126 7468 8126 5103 9071 7919 4850 2805 374 8824 1529 7035 
4275 2690 2056 2826 4237 6287 4497 5017 1569 4023 7475 3639 311 7611 319 7873 6849 7747 9793 2629 5318 6727 4038 5064 2889 843 8910 6096 2130 2899 1492 2003 726 5220 8553 4458 5614 4847 8048 4848 7028 
7961 4634 3099 5661 2335 8864 4641 293 3751 4014 2607 2095 6961 1200 1455 1972 7477 7604 4528 9657 4923 7615 1095 6728 7370 8779 76 8656 2131 2133 4310 5977 6874 6504 3820 1263 8183 7418 6396 2174 8191 4480 
5634 3459 6787 1552 4887 9367 8345 4896 2464 3235 1571 2853 1574 680 9130 4299 4184 5477 5111 5499 3197 3840 
8092 8200 1161 7562 7057 6545 2712 2460 1055 1312 4897 7707 4892 7332 9253 6311 1706 298 812 8120 9144 313 1216 2241 6722 5827 2760 3913 9803 4301 2768 7378 1106 978 5720 3421 1375 8420 2788 3310 2158 7923 2037 8569 122 
9089 3732 3355 1948 8865 5922 2850 931 421 1446 2339 8107 813 3766 4664 5945 4282 6841 1731 8774 8136 3530 971 7114 7887 3279 2769 1489 467 6998 6490 2907 8027 9437 3683 4968 8041 236 2669 128 
7426 5635 7688 1546 8087 6679 6690 5030 4775 6953 1726 3137 5188 3525 3526 1864 6473 6474 1865 9038 6862 4430 9425 6488 8153 8029 8927 1127 1385 490 5232 3825 1904 1009 8947 123 8573 511 
4615 6926 5137 2706 8980 6814 4766 3744 1955 5157 3370 5803 2091 1323 2606 9904 5040 5557 6455 6714 6203 3261 8511 6466 326 967 3273 8524 4044 4302 2253 7891 5460 3027 7385 4442 7387 731 92 4964 6245 5222 9323 7661 7793 4723 5108 6527 
8962 5008 3477 1939 2969 8985 3100 3613 5534 2590 927 802 7845 2726 38 3759 5304 9913 5050 5051 8255 6212 4935 583 3019 7246 5582 6738 9810 6997 7895 3290 871 8299 5235 1270 9080 8185 
5249 3330 9226 3250 2867 9270 2104 3260 9281 3138 4035 5826 8902 4680 3016 1995 4173 2004 2135 5591 6618 219 3167 3552 9953 2145 3173 2535 8297 2922 3948 3054 3570 382 4087 889 3322 3963 2814 1792 
9607 1544 7320 9245 9121 7086 2349 1664 684 1585 5299 4788 3116 2614 7089 9397 6968 186 8632 5951 5569 6210 1604 3013 2886 9161 6217 2890 7885 5454 5453 1496 6111 9184 2151 9064 8170 4078 4470 7031 2552 6139 2048 
6403 2974 2338 3237 549 1327 2099 6323 4279 3264 1601 1730 8384 5579 8145 83 5844 89 1499 3432 
5003 7568 8337 1810 9107 5524 7456 5669 7334 167 422 7593 7212 6573 6831 2354 1853 1086 9041 1746 1233 1244 2784 4200 6130 7537 
3085 3986 6676 6805 2329 8476 7452 290 7590 6698 4267 2861 9393 3379 9526 7096 5561 1849 1725 8254 7490 5193 7498 5068 6608 4691 475 6881 9186 5475 8677 9573 4453 7402 6123 2155 8555 8431 7935 6641 4593 9203 3442 3311 1012 4350 7295 
9217 773 6405 8327 1283 8846 7315 7450 4381 6302 8095 1461 8758 5946 6331 1981 9407 1347 1349 2759 2120 8139 3021 4686 5459 7124 9558 1880 8537 9051 5595 7133 4829 4830 5984 8033 1634 9572 4585 3051 4334 4336 6385 7799 2937 5631 4352 
4745 1420 7825 2842 4379 2204 8871 2218 7857 7858 3764 2252 5840 3936 8161 3556 1508 4326 3055 8816 636 3712 
7693 5898 7697 6292 2582 6039 6951 679 7337 6954 43 4532 5301 7105 1857 8651 1875 1133 6257 8440 
513 9731 8835 7432 3855 8848 3089 5403 9638 9389 7609 6859 7778 5607 364 3312 3828 9205 4726 7544 1914 8700 6015 
9480 2447 6804 6424 7453 3231 4260 7359 8895 8776 8394 6218 4172 207 594 6098 853 474 2398 7905 2402 9955 3043 9827 614 999 4342 4219 9085 
2691 1799 5894 3616 7079 1467 4413 9792 7106 5830 9543 7882 5197 9423 7381 8538 5596 2016 5217 3811 9574 621 8560 7798 2936 6395 9344 
4353 1156 9613 4110 6419 8083 3990 406 9114 9243 7962 7708 3102 8998 6825 5295 4918 7099 6336 6467 4944 3661 2897 3191 9983 3200 
8193 6404 1414 6662 3087 7575 4009 6067 820 2102 1723 9532 6209 65 712 6221 2900 1882 7520 8419 7406 9710 
7809 7044 2824 1163 1804 18 2074 4129 2994 4404 1717 7350 1716 1976 4153 1207 4669 8258 6724 3529 5963 6219 589 6480 4562 2386 603 5730 1762 3301 3943 3307 8043 4717 7278 367 5621 4089 4862 
4361 907 4878 6543 6421 9628 2860 6186 5807 8238 6705 6962 946 7347 4920 6970 9531 1596 2366 1217 9668 3524 2639 9809 8401 9308 3169 2529 6243 4709 6373 2541 4464 4849 754 7922 6515 6389 120 4473 1403 766 
1929 274 5778 661 8346 7451 5915 2337 289 4515 8483 9509 5819 574 1987 2757 4678 6858 9563 2405 9960 1791 
8203 9877 5144 5529 7196 6173 5405 3103 1186 5923 1190 2472 2090 9770 942 2868 7605 2105 9405 2251 3403 466 3419 6367 
8709 1288 7566 676 8613 3490 1060 3883 5804 2475 7850 1459 2100 5693 5060 5573 2376 1097 8017 1758 363 
9218 9221 1030 2830 1688 7833 4770 2728 1977 6863 3407 1488 9553 1494 2652 4319 97 9826 9187 7527 233 8172 6770 8436 3958 9083 7036 6909 
7813 7564 6285 1430 3096 7448 3259 6857 1737 5706 5711 2132 1621 9429 8665 3933 3682 2916 2149 230 9319 8680 2921 5355 7407 1136 9201 9461 6903 5756 3325 3838 383 6272 
897 6785 1039 2722 5666 2084 1407 2086 5673 2730 2859 4907 7982 1841 8881 6579 1973 9655 6585 7353 3518 9024 6211 3779 5445 3654 6346 8011 7500 2636 7377 7894 6743 1366 9560 3326 9052 3293 224 3582 2019 6760 1768 7145 2153 630 4857 3710 1663 
7812 4874 3729 4884 2333 928 7844 9381 4397 2874 9277 1855 1345 5058 9795 9284 2503 6600 9289 8008 9033 6988 3532 8269 6224 5456 592 9685 9557 8150 2008 6371 4967 1141 
518 5899 9358 1556 7585 2225 2993 3891 1076 2995 7095 6967 6463 4679 5452 1741 332 6732 8273 3410 8019 4564 9304 7131 4444 8287 4575 4073 1772 879 2940 
8195 8074 8207 9749 9124 6567 8872 6313 1919 55 9911 7482 7491 8407 2011 5212 4061 6621 2271 2528 1120 1890 7785 8682 3563 8303 1653 9724 4735 
130 6668 8855 2340 1069 6957 816 6835 435 566 4535 5047 825 4154 9797 6347 1100 349 7009 238 
4609 4997 1677 1807 2193 23 4251 8739 1720 3007 9410 197 4549 7239 455 5324 6740 7126 2780 884 8703 
1 9998 2833 8094 6431 7457 2592 1188 4900 7722 2603 7598 2351 4273 4534 1079 1462 5433 3642 1468 8381 9533 5185 9673 74 1355 3789 3153 2257 4565 1109 2007 344 3033 351 8672 6884 9832 8169 9067 7276 9069 1516 495 9587 9974 7800 9978 
6273 3458 8323 8708 131 8963 4740 8332 9744 9239 3752 7467 6446 814 7729 3123 1466 4938 2510 4831 110 4079 1137 8817 8564 4852 1014 7672 3578 8315 2175 
4482 5255 5256 2057 7818 909 2960 1043 276 6680 6042 1566 3743 291 3882 8234 7340 2612 8127 9026 2276 4837 1262 2553 9340 6013 
641 9861 777 8459 4236 1933 3602 5395 5779 7700 7202 8099 5672 9516 6572 3125 6332 9806 5087 372 4341 6910 1152 
1026 7047 6409 5900 6541 4238 7440 407 4121 2585 1594 6459 7484 4925 2493 2238 8638 2115 9412 6471 3401 1363 3539 7765 9302 1371 7007 7521 1249 2913 1381 101 1515 2544 6899 4600 8572 
2196 2073 9499 7576 9629 5406 4639 7584 5921 4512 7200 7973 2982 1321 8619 7596 7216 7090 308 5942 8119 6839 9529 5563 4668 3645 9022 4546 2373 6603 1356 5325 9935 4559 1871 9298 6363 5084 3420 3299 7140 116 9081 1536 
8578 1029 1415 650 4107 7821 786 6937 2586 283 7327 5542 5043 7258 4058 5468 2783 5474 8035 4963 7024 8439 895 
5258 5390 6414 1680 2578 5267 9366 410 7081 3762 1093 4297 5450 4456 2920 5740 4588 2540 2674 9339 5501 
7939 6788 2312 2957 8849 7570 5015 2840 6297 7194 7960 7837 3104 36 5930 4399 50 190 9157 2028 9456 3057 7155 9588 2291 8307 1018 9214 
7431 6925 2573 6803 9112 2580 793 3484 4523 8366 6830 1078 6216 2382 847 6747 9435 9054 5237 9591 
7052 3725 8077 9487 7311 2834 8468 663 1945 4637 2336 5920 2597 1192 2729 6440 7601 8754 8893 3523 331 6351 3792 3791 2644 2776 8666 9697 8801 9447 5105 2170 8445 
1286 6151 526 1936 6672 5522 3987 5653 1405 7193 4636 3874 9762 6181 7091 5555 7988 7221 73 715 8525 6477 5205 1255 9075 8442 4093 1151 
4359 4744 4645 8866 6818 4904 6438 2228 8245 8246 5175 9654 5300 3641 6717 7872 7617 8642 4801 4545 7621 3905 3143 2633 201 7886 6223 5071 4307 4819 7514 9818 2526 2144 3816 1897 3304 1769 108 6255 6896 3568 7411 5620 3956 3967 7927 1783 4989 9471 
6172 1440 3234 5795 4903 6312 6064 9137 3634 1074 5173 4663 4024 9791 322 5704 5196 6482 6099 6613 3807 
1796 1925 5124 3844 2692 8717 7950 7183 7696 3218 8466 8597 6295 4891 168 558 3631 6062 3374 4021 5180 956 572 7740 68 6725 4088 7414 3703 6904 6778 7678 
5633 7302 3718 12 5146 165 3878 4518 2492 317 832 192 4674 4931 5957 5961 713 1227 4684 9933 2765 9171 2901 3416 4187 5349 6886 5990 7275 627 629 7030 4471 888 2554 9210 6526 
8454 8838 1927 8970 7953 4885 9616 9916 9150 1856 6721 6083 4675 835 2502 5447 5576 8783 9046 983 4568 2266 9949 3551 4472 2665 9583 4212 6262 6263 4343 1533 
6657 7181 1422 5262 9360 9365 921 5914 9755 6950 5799 9639 7979 2481 177 5688 7355 2000 7650 3044 2789 2532 
10 9484 3221 8217 403 6689 5925 1588 8117 2871 3508 9530 3387 1084 6843 4032 64 9667 964 5571 9556 3540 8408 8154 5467 6877 5470 4195 9700 3941 8177 117 1275 
9601 6017 8834 9987 7817 2328 6045 2991 2096 6576 5045 6454 4942 5713 4948 2654 6753 3170 5218 3434 3691 2026 7535 624 1264 5876 7925 4597 3957 6656 
1025 9102 3473 538 922 2970 7716 6949 4646 688 178 2357 6326 58 5057 7774 6375 5091 9834 4077 6766 622 880 2929 2548 5881 
2562 5624 7945 1675 5773 2581 5014 7061 2200 664 5660 9886 6565 8359 8741 6187 2480 8000 78 8422 7910 5373 
6282 9610 14 3339 5265 5397 5526 4757 9498 9502 9767 3754 7723 8752 562 829 4158 8383 703 3650 8918 2394 
6659 9866 8467 9753 792 7455 1313 1845 4278 4150 1718 3385 698 3772 6845 1087 2240 8135 584 1481 4298 5067 6861 8400 8144 3284 8024 8157 8159 2272 8671 9954 7391 4452 7654 9580 8687 6001 3314 1138 8437 2680 
3460 4613 2567 8075 4116 2988 941 2348 7088 1332 2486 3383 7867 9659 8766 6335 3011 7108 8266 5578 1103 7890 6227 6226 2005 5589 7132 3549 3171 1764 5988 1638 8932 9964 5868 1394 8055 2040 893 
1665 1411 4228 3 8967 3469 4372 4373 6936 2717 163 3630 179 9938 9300 8534 7766 6105 7900 5086 6496 8929 3942 4210 9716 3829 2428 2045 
9349 7944 272 8594 2963 9364 8339 4886 3866 6043 2848 1829 3498 170 2617 8377 6075 8251 9936 8421 
3331 5384 1032 8756 1465 5565 3774 3776 4933 1734 3144 9292 8148 7897 987 2782 9185 2530 102 1766 7144 5354 7797 9589 119 9720 1785 6266 7420 509 2303 
8321 6149 7046 5000 9997 7437 3989 3606 7331 45 5678 2223 4276 8629 9537 3778 6850 8149 3803 8028 8928 2031 4722 2802 2935 2168 1530 8059 8832 
898 4483 8579 5762 7555 7560 398 1811 2455 9496 5530 4126 3232 1707 6325 8502 3770 2749 3061 5623 3964 7421 2944 
9751 4378 5659 6683 7712 3361 3360 5160 5759 4524 8235 1454 8883 6707 4411 5950 6338 9283 4548 4181 
6279 9995 8082 932 2856 169 1967 8624 7092 950 6072 1724 3914 5837 8397 2128 9048 9438 7266 4074 6635 9708 2545 4984 9466 6267 
2966 8214 9505 6566 3369 6827 7980 7597 7854 3755 7856 5550 8882 7219 3763 7602 7346 4403 6591 2880 5953 4420 9417 8650 3147 2762 4555 2385 5714 2514 3283 3029 6103 2903 3808 484 615 2279 8938 2795 878 366 9328 5872 2418 1399 5371 2687 7808 
4488 7690 8991 1314 8487 3239 4012 430 303 1839 2358 1338 61 1343 1600 7744 3907 6090 458 590 8942 3699 3711 
5889 5380 1672 394 5770 5132 1293 3981 6031 11 5138 5139 6418 3733 409 4902 1579 4909 5037 7983 8782 3544 2536 3573 4344 9465 3962 2173 
2689 2947 9862 2695 1545 7563 2316 6416 6930 8724 1557 4125 4771 7078 9769 9924 5466 3676 3295 4197 1382 1640 5738 8686 9592 252 5758 
6040 4124 8347 280 5408 8993 2852 4132 4390 9255 4776 4905 6057 1451 1710 1203 819 4149 4409 5690 4156 6333 7103 5955 3408 3538 4823 2519 6746 9564 9694 6239 5986 6755 5861 7289 6010 5755 
4739 3332 2570 2320 2703 8084 5012 2583 674 5414 302 174 1341 2879 1368 2009 1376 6121 5098 2283 4972 6386 500 3317 3190 2934 1273 8698 5247 
6694 3501 3245 46 6959 8113 8110 6711 2489 1979 4160 6720 1990 4806 3528 1994 3788 1873 3665 1619 5332 4308 1620 8540 9696 4449 6499 9189 6900 2425 8446 
7171 5763 3340 4374 153 4640 1315 3236 424 9002 6060 5169 3249 564 2487 56 2883 9159 3276 9808 9824 867 3813 
7684 5127 1543 2442 8587 3082 277 3356 6687 9139 4417 449 1091 8898 8906 3531 4047 3026 4051 2770 6739 9431 3707 1625 4055 8283 7902 5598 7010 2917 4457 5870 623 4475 6898 6002 2550 6651 3328 
3713 7943 9105 4626 9362 1426 5782 9240 4513 7102 2511 4177 9687 8923 9692 1756 7134 9950 9311 4063 7265 7400 1388 752 8306 8054 6775 634 1534 
6660 2310 9848 9611 9867 5135 144 146 6038 5016 7835 9244 8131 1862 6726 6088 8010 2380 461 3928 4313 9567 3297 2787 8173 4207 5877 1144 5502 7424 
4999 3591 8202 523 4622 5652 4761 3624 5292 1965 5551 1586 823 9017 3519 6080 3392 2624 3014 5451 2508 3917 5455 851 6996 8405 3798 1879 8664 6612 8795 5476 2152 4973 2927 496 9715 3444 3966 8575 
1410 6531 9352 2831 5007 1812 1684 4762 5279 5412 1583 6833 3390 3904 6228 9813 8152 602 4960 1252 9318 8934 7788 9454 5496 2681 507 2943 2560 
7300 6408 2827 8363 7852 8875 4272 4915 6838 3255 3896 8505 1721 5176 9660 6718 7487 5315 9923 6853 8778 7372 8781 4175 4305 210 5079 2910 6750 7008 864 3939 228 7017 619 3694 2671 2287 494 3186 1527 3196 5374 5504 
6914 4356 6406 647 3080 5638 4245 6564 711 8265 1098 714 1868 6729 4556 9676 346 3804 4321 2658 8426 5996 6768 9843 6268 2432 
2308 644 9868 1307 6046 1568 9646 947 7612 4031 9152 3522 4421 6599 2632 1613 8270 9039 8146 9939 8022 5719 4566 5593 215 2525 992 4065 3555 5987 3693 1649 4466 8309 
8088 1049 4376 5792 8608 2211 1573 681 5418 9006 4911 9523 2741 8886 8504 1850 9786 3664 2001 229 1004 5760 
3076 5765 5897 6923 911 5396 7958 1821 1183 5927 9515 1581 4280 7608 1476 3908 6358 861 1780 2551 9215 
6145 642 3971 3716 8462 4114 8721 2323 3603 790 8477 7710 5533 162 4134 8744 4141 9783 9151 5836 3405 2381 7505 5203 340 856 8025 8539 3040 3810 2147 9063 8552 9578 9579 9966 8943 4981 2042 8828 2685 8064 
5123 3841 7814 4358 393 8330 5134 9361 7577 5020 5665 4514 3107 1448 5800 2221 6016 2367 7232 3391 1602 9679 
4869 4873 9615 7073 3876 2473 2602 7977 3377 2482 7610 5306 7100 8253 957 9408 9153 1728 1858 6342 838 4039 1223 3657 9932 4813 4812 6476 5328 4685 2259 7892 981 5080 7130 3547 4201 6634 8300 5613 112 113 7033 2043 4734 
2055 8968 3976 5259 16 10000 3617 5794 546 9380 5413 930 4385 6056 1835 5422 2478 5168 1968 3384 2875 3644 1599 450 4422 6215 1863 3787 6987 3149 8654 5200 6355 9430 4951 2006 986 5723 4828 7901 2267 235 5867 7150 4335 4595 2165 8566 250 1918 
2049 3714 517 646 2438 2449 7705 6559 7328 4908 2359 952 6144 3004 5824 8257 5697 5313 3265 8005 4423 1607 4169 456 6344 975 6100 342 8535 9436 863 5985 8038 3822 5616 7794 1139 6006 6011 3068 4349 7040 
1423 1169 2195 8216 4383 9887 8102 9385 1449 5166 4527 6450 51 3892 2234 7996 7998 4161 1603 8643 3784 8012 6604 6350 6094 9424 6742 3415 982 9947 7517 7913 8681 6254 1392 8693 3833 2688 
9605 263 1417 6667 6027 2317 4624 916 6425 8093 6429 805 6648 2727 8227 8103 8358 5164 6189 2863 5808 693 9273 6073 1474 9422 
1409 2566 7820 2326 919 6299 1318 9900 3139 4673 9921 1094 5448 4428 3023 3152 3921 7250 6106 5342 481 8291 9828 869 356 7806 7784 9322 4715 6508 3059 4214 8312 6777 2939 510 
3587 5641 6665 9994 2701 5140 6808 3226 7706 9757 4000 8867 5540 806 4005 678 9903 8240 6719 2112 6340 716 3035 2020 8563 8692 8179 8057 
7043 2955 3225 7322 1947 668 5789 8869 294 9511 1063 8873 2343 1324 5296 6577 6194 8243 2483 5558 9656 569 9146 5691 7358 5439 3775 4293 1606 4808 591 6483 7763 854 2779 7645 4957 4705 2274 4836 1899 9455 3063 760 5242 8060 
9860 2307 4230 1290 782 1686 7964 1950 7842 4262 7466 6444 7737 2894 1104 9170 3579 5077 3669 3032 5978 3835 732 7390 94 4833 3945 3818 8819 2424 9849 6523 7932 125 1406 4224 
9222 7067 1052 5147 6175 6944 7968 2721 3747 9636 2207 1578 7348 2231 2746 6587 6973 5054 6592 4929 7749 1736 8907 8143 6352 4180 7255 4695 5210 3036 2143 1633 4706 6117 7911 5864 3821 4719 5361 8691 3315 7670 639 
388 8198 8205 3984 5912 6430 2719 2983 7626 9548 9037 3150 5968 5201 1490 3411 4054 9693 1629 2656 9568 5731 9833 5997 6642 7540 9206 378 379 9727 2304 
9347 9474 8706 9346 7815 1673 4618 2569 6928 4759 8727 5783 8858 8603 9115 4511 3106 7972 9893 8356 8615 5670 8105 6570 6703 9275 6979 3780 325 3782 9541 5832 7382 471 2264 5981 8541 4190 4701 994 9192 6761 6376 744 6637 9586 3955 1266 6393 
6913 9989 8850 2069 4508 4256 5538 2734 3761 9403 5441 9179 1884 6878 8416 9575 232 2792 4842 7536 8305 8565 8311 9979 
3203 5011 6681 6938 4259 4901 8360 821 6199 9528 8888 9658 5308 189 5312 9282 5443 7112 9162 7629 1358 2388 6102 3414 9305 9691 4956 8285 6366 5983 9209 7779 7141 2150 6759 2027 3823 9072 882 5241 1022 9855 
8577 5761 6021 9350 1674 6538 6539 5903 6420 533 5784 4123 5024 2342 4525 8750 4271 7217 4670 5471 2786 4211 
3073 3329 5129 7694 9999 3854 1301 2070 6170 27 9889 4898 7218 8375 5305 1989 7884 4558 6142 8831 
1924 8453 3083 2188 7454 7201 7592 6826 4789 9536 2113 7496 4811 6220 2640 6994 4820 8020 3286 6870 1757 6368 1121 9836 5875 1913 6269 
1923 8836 137 1930 1937 9748 8475 9246 35 4284 7875 7107 5572 452 8390 3537 3925 7639 476 989 5982 9571 4454 7408 4976 4082 3574 
2837 7832 8474 9884 8605 6817 6563 7462 2088 3499 5041 434 7860 7862 5307 5821 5696 2756 8261 6867 4698 
9090 1542 7048 7691 6924 142 6415 7567 6798 7827 3860 8471 924 9119 8743 296 7338 9784 3263 5594 8804 5096 6889 874 4591 3439 7665 3443 7545 2558 
257 3722 7692 5644 1166 5263 2448 7442 8211 4628 7062 1175 1306 3870 8612 420 5159 5544 8233 8491 9265 5686 5048 187 7364 8523 5972 
2946 3077 8455 8329 7306 6540 3727 3863 4119 1177 6556 3229 8478 9760 9507 1828 3109 6185 8746 4268 5553 5810 2355 4529 2739 6710 9149 8516 4164 8006 71 969 9165 4050 7123 4185 9561 9952 5227 3309 239 3824 3445 6391 8314 256 
3590 8718 3471 1683 28 8349 8733 6815 7583 1953 4002 8355 3364 7330 1700 417 1572 5034 3118 4656 2097 9013 9398 310 4924 1988 7240 7627 6348 1485 8528 7640 1630 9951 2531 9703 3689 7532 2419 7803 2172 
5891 4484 1413 8322 6791 2064 2962 1696 7753 8137 7888 6481 8403 5078 6619 8284 8799 1377 6370 4707 1892 7653 5478 100 3688 7269 5346 5100 7280 631 5112 9977 892 2942 2816 
9858 2435 4995 6533 8326 5511 2185 4747 8716 7317 8982 9113 8731 3488 1201 6451 7225 2621 7261 605 7903 1248 5345 1888 7909 1002 8567 632 4992 
7041 9985 9603 3338 1805 2577 1299 7190 6169 5916 2466 9005 5682 7476 54 5440 2124 1742 1260 8174 1651 6008 2044 
5250 6277 6918 6157 2199 1560 4380 938 9134 9009 3413 7513 858 4824 9820 2269 2527 4704 7393 2399 8550 3686 2409 493 751 6513 376 8319 
5774 7441 9873 2451 7956 7187 6931 8215 8856 1818 9883 7326 1695 544 4895 9122 2854 6568 9514 8620 2605 5934 9517 9136 4913 4145 301 3124 3251 7863 2364 2620 8003 8786 8661 1493 7767 9688 213 9175 8050 505 9216 
2309 2450 913 2971 1436 5150 5280 7970 5924 1317 1320 8627 8885 9912 9914 446 2623 4547 9414 214 8922 8423 9965 
8580 7685 6917 9608 8457 2059 7829 2296 287 7969 5411 2750 8382 6354 6868 5976 3672 2136 1243 9948 9439 8163 1001 6893 9073 3826 1140 6264 4604 1408 
7556 4357 8197 5128 4364 1037 5520 1298 6548 1428 5911 670 4127 3489 40 9131 5548 6448 1969 8628 8378 4807 72 8278 91 2796 6521 3706 
3847 8458 7312 1173 1565 285 9251 1827 2356 4167 7109 9931 5070 5329 6866 1365 3541 9559 2648 4574 6240 7651 7652 5351 9449 748 3949 6000 4720 6003 1524 4599 3320 2684 2046 
7681 6658 133 4872 3721 3210 5771 2060 7438 402 5926 6583 2902 4064 9569 4323 3431 1896 104 2156 9585 5233 3569 2036 7413 8180 9725 
8196 8720 9370 3995 5402 8091 6952 8232 3371 2479 943 697 7229 959 8386 9286 7752 1870 8531 8293 7790 5871 3056 
4229 9993 1928 4363 6028 5389 4494 270 5901 3853 915 8470 1433 7069 6049 2595 5156 1062 4519 4520 9260 3757 7725 6065 7220 2360 8380 1729 3658 75 6478 2512 2513 6615 7135 3424 7138 7523 9190 4202 3947 8435 8182 2299 
1538 9091 8194 3461 6147 8584 1803 3980 8973 653 6544 5277 2718 1445 2470 5549 309 445 5716 3673 730 6265 2810 6653 4222 
8070 2699 6029 2080 8738 6436 2213 1319 3373 4658 2866 822 444 7874 7748 7365 1225 9547 1235 2148 1513 881 244 6647 
5637 5510 5125 2051 645 4491 4621 527 8213 795 5163 7724 6702 2992 2353 4147 2740 9653 437 3130 4027 6715 573 8130 7877 7758 339 1876 5207 4056 3927 5465 5085 5344 482 4451 6885 6122 5612 9327 3951 4465 4339 8694 503 5625 
3201 2306 7553 6402 4741 8452 2821 914 7084 9261 3372 7599 8880 9524 4533 9019 2497 2117 1733 5710 4943 8912 7635 9428 2389 2263 7898 5083 9307 4191 3940 7271 2537 5993 3179 1911 4607 
6786 2058 9492 6933 8086 7959 3352 2332 6301 9374 1181 9373 1692 8611 5161 1836 2094 1071 7344 4017 4022 3126 4796 3134 1854 4799 63 834 6595 6986 7244 9420 7117 5969 8658 7253 7259 5472 7906 9060 5998 6767 1010 2420 2297 8443 
2434 4485 4998 2696 3084 8977 2716 7582 6947 6691 3880 937 944 5331 4068 6762 7023 7796 3830 3960 1916 7550 
4610 7174 2964 4510 4767 8735 8997 1061 1831 3496 5928 4138 3881 4392 4654 5167 432 9521 1714 692 951 6456 6969 6071 3128 7994 4919 2882 1218 6981 6087 3018 2766 8272 8021 9176 8156 2014 735 4832 608 8037 2791 2794 9835 1006 7279 2166 2167 2556 
9732 5386 2459 6829 4398 9141 3640 8889 570 2619 7354 5181 6846 5823 184 6971 6204 5190 77 6353 8147 1367 4700 2013 5469 5728 6372 2404 3172 6633 5101 8953 1659 9597 
9219 1549 2067 1676 6806 9497 4890 8863 164 1191 4522 4395 9388 5427 1589 9016 8890 1851 8252 6205 6082 5187 9413 4295 8648 1738 1869 6095 9552 5979 7003 4447 4587 8178 1906 4985 5628 8956 
4993 1147 6152 2700 3601 3092 8596 918 4120 158 4769 1954 2737 9778 188 9669 6856 334 977 4855 1531 7934 
6025 5387 3212 2190 655 9614 6291 8598 9879 9885 9118 672 1184 6569 6443 6828 9015 8759 7288 699 1611 7401 
5508 1028 4877 1149 7702 3999 8994 42 6191 7351 7870 3321 963 2116 7238 8519 3659 845 7119 6864 9299 3670 2647 4954 477 6879 223 5727 4322 4840 7791 9970 6137 1277 3584 
6530 3970 3589 4751 6289 8859 4793 4810 8653 4817 593 341 9177 6623 5215 1636 3176 1898 4459 6127 2160 3571 9845 5238 885 9976 9717 1274 
2564 772 2052 1168 8853 2839 3739 2203 2843 923 5153 5532 4128 6309 3888 9905 5426 6066 1464 1595 4286 1859 6091 9807 1617 8530 9174 3564 
2050 260 2949 4612 1159 1815 2471 9728 9690 9821 8286 6495 5610 9196 1389 7533 8561 4467 2932 9595 7807 9600 
7557 5394 2321 278 1561 8732 3101 33 4517 9771 8108 9775 2227 1843 9525 5430 7223 6840 4538 8768 7361 4544 3520 8901 8517 7879 5319 1605 1484 9293 4429 1359 4433 3282 4573 3166 1119 4961 3685 9195 6765 5615 2801 9969 1395 1268 5366 3702 2431 
5505 8320 6410 3090 5908 4375 5400 9761 8480 4516 5155 9768 2477 4530 1090 6357 4567 2137 8410 9049 1373 5733 1510 1254 5102 498 9331 9336 7161 9088 
3457 3974 7304 5257 3594 3979 1548 3344 3474 8992 6821 44 5449 4425 9164 8662 7643 1505 8418 1379 489 9193 8047 3185 9332 9337 3839 
8707 3845 1658 5654 8726 6300 1053 2591 4643 2724 4007 5671 8874 8236 431 4781 6195 8116 3815 9082 5484 7921 2676 9719 5880 2169 9850 1655 5244 1021 5495 1023 8448 
7940 6158 1042 3988 8469 4630 2072 6940 6686 3746 37 6316 6580 5689 1980 4797 5310 2121 758 3064 2041 8444 
1154 7170 774 6024 1294 5136 3346 6162 154 29 7211 3906 8387 3195 588 1229 3154 2772 8917 6869 1112 4699 7644 6109 4571 8545 4072 9590 502 5114 6779 3199 7168 
7948 9106 3859 789 5398 411 7199 1826 2979 7591 5032 4394 4010 2219 3760 7345 817 1205 4921 3517 2118 8520 8905 5709 8399 1487 3922 1237 4952 737 98 6888 3436 5742 7409 7032 5497 8955 4351 6784 
7554 904 2186 3211 2698 9231 5521 1809 9747 1942 6174 9248 1825 7209 1711 1126 4071 2034 2678 8058 635 6652 
386 6800 9109 9493 3993 4763 8348 5152 9726 7464 9001 4779 4011 429 1966 5423 2736 1330 9907 9779 3890 3646 4676 1352 8649 4426 3145 4557 1877 9815 6232 4696 8290 2915 7907 2277 2021 6510 6511 6259 5494 4086 1271 6906 6398 
7434 1935 5775 7186 7316 5909 9237 2201 2463 7206 7215 5679 9909 4163 9672 7502 8533 6230 8406 9197 
7938 8964 1284 2693 4487 5767 3213 5787 2461 9400 4287 194 5699 6602 1739 9040 1750 4697 6233 2653 4702 4703 1635 3687 2280 9962 6250 9326 4206 1902 4725 3062 1781 7416 5245 6654 4863 
5122 9991 905 9483 1035 524 9230 3343 8080 2443 1300 5284 3620 1830 4521 2087 7214 7342 3638 5944 8763 2244 204 8282 8669 3296 7930 9981 
2178 9988 6920 5640 780 2445 8975 9490 660 1174 1048 7064 799 555 6061 6317 1593 6851 359 4460 3437 2029 4462 1777 4728 5246 9343 384 
5 9223 6922 5385 9229 7822 2066 404 9494 5786 5021 551 3769 3281 8274 5587 5717 5341 3294 6112 6624 736 4067 1380 876 8941 1390 3184 2164 7668 247 8568 8826 1400 
6401 259 9475 3719 2823 7433 7050 8076 8334 8592 2705 9874 1555 1434 6171 1703 4006 7104 836 738 5228 6505 2032 4081 4468 9077 2422 1656 2300 
8711 1689 666 281 3351 1824 6177 8098 292 7204 9766 5543 7463 5289 1833 811 5431 8250 7995 3388 7489 3406 6231 6626 750 
387 516 7942 4233 7949 4365 9232 6550 2587 7076 2214 7335 8753 1073 9267 5566 4839 1128 4712 8049 883 4853 9211 
9348 3595 9356 2327 5655 3108 6439 4785 433 4408 1213 5822 4416 8512 9028 9158 8007 5322 2256 2515 2261 1749 729 1370 9822 4325 870 5749 6524 
514 9986 3333 8713 13 7955 8340 8986 7965 7843 8225 2212 2613 59 6844 6208 2138 7005 9181 8925 7396 1767 5481 6381 5487 1648 111 1917 5630 7039 5888 
8450 5507 9479 4493 2318 3982 1550 2319 7826 4629 6807 6943 5793 2468 8999 1580 6972 9666 9421 2778 2163 115 5493 
